Model: Base-MNB
Classification: Emotions
Hyperparameter: {'alpha': 1.0}
Confusion matrix:
 [[  74  603    1    8    8   11   11    2    4   15    2    2    0    1
     9    4   11    0    0    2    2    0    3    0    0    0    0    0]
 [  32 9448   70   68  156   98   50   60  285  147   63   47   19   47
     4   44  262    0   26   96   96    0   24    2   11    0    5    0]
 [   0  520  350    7    2    8    1    0   78    2    1    0    0    0
     1    6    9    0    0    1    0    0    0    0    0    0    0    0]
 [   1  342    5  960    3    4    0    4   80    5    0   15    0   10
     2   14    5    0    0    0    0    0    0    0    0    0    0    0]
 [   5 1228    1    6  132    7    2    5   14   51   15    4    1    4
     0    1   40    0    3    8   11    0    6    0    0    0    1    0]
 [   0  740    4    8    5  366    0    2   52   12    3    2    1    0
     1    9   12    0    3    4    5    0    0    0    0    0    0    0]
 [  17  786    3    4   15    9   35    6   17   28    0    3    0    5
     0    0   19    0    3    2    3    0    4    0    0    0    0    0]
 [   0  835    2    2   12   10    3   18   16   11    4    3    2    0
     0    3   28    0    5    2    4    0    0    0    0    0    1    0]
 [   0  914   42   40    4   16    3    1  956    3    1    9    6    2
     0   15   42    0   18    4    0    0    2    0    1    0    0    0]
 [  11 1288    1   12   28   19   10    8   22  109    5    6    1    2
     0    1   24    0    6    7   42    0   12    0    0    0    1    0]
 [   0  803    2    5   16    3    1    4   10    7   58    0    0    0
     0    2   15    0    2   31    3    0    0    0    0    0    0    0]
 [   1  684    3   12    6    4    1    2   40    3    2  129    3    6
     0    6   22    0    2    1    1    0    0    0    2    0    0    0]
 [   1  423    7    7    4   12    1    1   60    5    0    3   21    0
     0   38   14    0    9    3    2    0    1    0    1    0    0    0]
 [   1  548    4   19    5    3    1    2   13    6    0   16    0   47
     1    4   13    0    0    4    0    0    1    0    1    0    0    0]
 [  12  230    0   20    1    0    2    0    1    3    0    1    0    1
    22    0    5    1    0    0    0    0    0    0    1    0    0    0]
 [   0  511   37   28    0   53    3    5   68    2    1    5    3    2
     0  110   14    0    2    2    2    0    0    0    0    0    0    0]
 [   3 1794    8   17   31   13    5    8  105   27    7   19    2   13
     0   10  204    0    2   15    3    0    1    0    1    0    0    0]
 [   2  212    1    1    6    1    0    4    3   11    0    1    0    0
     0    0    7    3    0    0    3    0    2    0    0    0    0    0]
 [   0  507    4    5    6    9    4    6   38   11    2    0    5    1
     0    2    7    0   54    8    5    0    0    0    0    0    0    0]
 [   1  949    4    5    8    6    0    3   23    8   17    0    1    3
     0    2   13    0    7  108    1    0    0    0    0    0    0    0]
 [   2  748    2    5   16    5    1    2   11   67    2    2    2    1
     1    2    6    1    2    4  117    0   10    0    0    0    0    0]
 [  10   65    0    0    0    1    0    0    2    0    0    1    1    0
     0    0    0    0    0    0    0    0    0    0    0    0    0    0]
 [   1  439    3    5   16    2    2    1    7   37    1    1    0    0
     1    0   14    1    0    5   19    0   45    0    1    0    0    0]
 [   0   87    1    1    3    1    0    2   19    0    0    2    0    1
     0    2    6    0    0    2    0    0    0    0    0    0    0    0]
 [   0  361    4    1    2    1    0    0    9    0    0   11    0    3
     0    1   13    0    2    0    0    0    0    0   18    0    0    0]
 [   0   99    0   13    1    1    0    0   11    1    1    1    0    2
     0    3    5    0    0    1    2    0    0    0    0    0    0    0]
 [   2  287    1    2    5    2    2    2    6    4    0    2    0    1
     0    0   11    0    2    2    0    0    5    0    0    0   13    0]
 [   0  135    0    0    2    1    1    0    1    2    1    2    1    0
     0    0    5    0    1    0    0    0    0    0    0    0    1    1]]
Evaluation Metrics:
                precision    recall  f1-score   support

    admiration       0.49      0.46      0.47      2079
     amusement       0.55      0.30      0.39      1229
         anger       0.36      0.12      0.18      1009
     annoyance       0.19      0.07      0.10      1615
      approval       0.25      0.09      0.13      2288
        caring       0.31      0.07      0.11       689
     confusion       0.31      0.06      0.10       962
     curiosity       0.35      0.09      0.15      1159
        desire       0.49      0.04      0.08       426
disappointment       0.25      0.04      0.06       959
   disapproval       0.27      0.09      0.13      1545
       disgust       0.39      0.07      0.13       601
 embarrassment       0.50      0.01      0.02       257
    excitement       0.30      0.03      0.06       613
          fear       0.59      0.04      0.07       349
     gratitude       0.76      0.66      0.71      1450
         grief       0.00      0.00      0.00        80
           joy       0.39      0.13      0.20       848
          love       0.62      0.35      0.45       986
   nervousness       1.00      0.01      0.01       154
       neutral       0.37      0.85      0.51     11160
      optimism       0.45      0.14      0.21       930
         pride       0.00      0.00      0.00       127
   realization       0.12      0.02      0.03       961
        relief       0.00      0.00      0.00       141
       remorse       0.52      0.07      0.13       300
       sadness       0.42      0.10      0.16       773
      surprise       0.36      0.08      0.13       674

      accuracy                           0.39     34364
     macro avg       0.38      0.14      0.17     34364
  weighted avg       0.38      0.39      0.31     34364
Model: Base-MNB
Classification: Sentiments
Hyperparameter: {'alpha': 1.0}
Confusion matrix:
 [[4094 2017 1198  333]
 [1961 5533 2986  680]
 [ 971 2224 8282  329]
 [ 656 1383  838  879]]
Evaluation Metrics:
              precision    recall  f1-score   support

   ambiguous       0.40      0.23      0.29      3756
    negative       0.53      0.54      0.53      7642
     neutral       0.50      0.50      0.50     11160
    positive       0.62      0.70      0.66     11806

    accuracy                           0.55     34364
   macro avg       0.51      0.49      0.50     34364
weighted avg       0.54      0.55      0.54     34364
Model: Base-DTC
Classification: Emotions
Hyperparameter: {'criterion': 'gini', 'max_depth': 'None', 'min_samples_split': '2'}
Confusion matrix:
 [[ 155  163    4   10   41   21   64   13   13   67   12    3    3   25
    44    3   47    7    1   10   25    6   16    0    5    2    7    6]
 [  85 4709  117   87  508  307  306  142  532  703  423   97  160  245
    30  142 1139   64   82  425  427   14  119   16  142   17   77   45]
 [   2  110  487    9    8   23    8    3  145   13    9    5   13   16
     2   46   51    2    1    7    2    0    4    0   17    0    3    0]
 [   4   49    7 1063    6   14    8    9  113   21    3   21   13   17
    15   26   32    0    4    5    5    0    1    3    5    5    1    0]
 [   8  383    1   13  369   35   76   19   33  194   54    8    8   33
     6    7  111   10    6   25   95    1   29    0   10    2    6    3]
 [   3  162   13    8   22  704   10    4   74   32   18    8   14   13
     0   49   33    7   15    7   20    0    9    0    2    1    1    0]
 [  47  208    5    2   76   26  168   13   24  112   23    8    9   23
     6    6   55    9   13   17   48    1   24    2   17    3    6    8]
 [  10  302    2    3   48   41   31   66   44   58   36    9   14   22
    14   12  132    7   26   15   32    1    8    0    9    0   13    6]
 [   2  252   76   55   21   47   16    7 1209   33    6   19   41   24
     0   48  121    3   29   16   12    1    6   11   14    2    7    1]
 [  24  355    7   10  110   57   67   10   47  374   39    8   12   21
     7    8  109   15   10   35  216    2   50    0   10    2    7    3]
 [   6  241    6    5   25   15   24   10   26   63  288    5    7    6
     2    1   56   13    7  110   37    1    2    0    3    0    1    2]
 [   3  218    9   16   27   26   18    4   70   42   17  189   18   39
     2   15  109    3   10   12   19    2    1    2   54    1    3    1]
 [   3  116   19    4    9   32    7    5   82   25    7    7  123   13
     0   28   53    1   17   23   13    0    2    1   20    1    1    1]
 [   4  172    7   25   12   12   12    2   30   42    7   32    6  173
     6   11   81    4    1   12   17    1    0    0   12    0    3    5]
 [  31   34    0   19   14    4   15    6    3   10    7    0    0   15
    86    1   18   11    2    3   13    4    3    0    1    0    0    0]
 [   2  124   52   27    6  123   12    4   96   22    4   11   41   19
     0  213   42    2    5   11    8    0    1    3   12    5    3    0]
 [  16  640   32   21   69   52   55   25  197  136   43   32   33   63
     6   35  638   10   16   44   43    3   16    5   32   13    6    7]
 [   3   44    2    2   17   15   20    2   11   34   10    1    0    4
     5    1   10   37    2    6   16    0   10    0    1    0    2    2]
 [   2  150    6    2   25   21   23   16   51   42   30    7   34    5
     1   11   37    6  121   39   24    2    6    0    5    1    6    1]
 [   2  261    7    7   17   22   12    8   35   60  181    5   16   13
     2    5   42    5   20  395   28    0    2    1    9    1    3    0]
 [   7  196    4    3   46   22   27    5   20  163   18    5    5    9
     1    1   27    8    8   18  368    2   29    1    6    1    7    2]
 [  10   10    0    3    1    4    6    1    4    4    1    0    1    1
     2    1    4    2    1    2    4    9    7    0    0    0    2    0]
 [   4  104    5    2   37   16   28    2   12   91   12    3    4    3
     0    0   32    9    1   11   72    2  134    0    3    0   12    2]
 [   1   38    1    2    2    3    2    2   24    3    4    3    4    2
     0    6   17    1    0    0    2    1    0    7    1    0    1    0]
 [   4   87    9    2   12   14    6    3   13   21    5   21    6   15
     0    5   53    4    2   11   11    1    1    0  115    0    3    2]
 [   1   37    0   11    1    1    8    2   17    4    1    1    2    5
     0   17   15    1    1    1    5    0    2    0    0    7    1    0]
 [   6   58    2    0   14   11   11    1    4   27    7    2    0   12
     0    1   22    4    4    7   13    0   15    0    0    1  119    8]
 [   5   34    0    1    6    3   13    1    5   11    6    2    2   10
     0    1   12    5    1    4    2    1    3    0    0    0    8   18]]
Evaluation Metrics:
                precision    recall  f1-score   support

    admiration       0.41      0.58      0.48      2079
     amusement       0.42      0.57      0.49      1229
         anger       0.23      0.36      0.28      1009
     annoyance       0.16      0.23      0.19      1615
      approval       0.21      0.28      0.24      2288
        caring       0.20      0.25      0.23       689
     confusion       0.23      0.30      0.26       962
     curiosity       0.31      0.34      0.33      1159
        desire       0.23      0.27      0.25       426
disappointment       0.16      0.18      0.17       959
   disapproval       0.24      0.24      0.24      1545
       disgust       0.27      0.22      0.24       601
 embarrassment       0.15      0.14      0.15       257
    excitement       0.21      0.20      0.20       613
          fear       0.39      0.34      0.36       349
     gratitude       0.75      0.73      0.74      1450
         grief       0.16      0.11      0.13        80
           joy       0.30      0.25      0.28       848
          love       0.55      0.49      0.52       986
   nervousness       0.15      0.12      0.13       154
       neutral       0.51      0.42      0.46     11160
      optimism       0.37      0.20      0.26       930
         pride       0.13      0.06      0.08       127
   realization       0.17      0.07      0.10       961
        relief       0.11      0.05      0.07       141
       remorse       0.36      0.29      0.32       300
       sadness       0.34      0.20      0.25       773
      surprise       0.30      0.18      0.22       674

      accuracy                           0.36     34364
     macro avg       0.29      0.27      0.27     34364
  weighted avg       0.37      0.36      0.36     34364
Model: Base-DTC
Classification: Sentiments
Hyperparameter: {'criterion': 'gini', 'max_depth': 'None', 'min_samples_split': '2'}
Confusion matrix:
 [[4612 1529  701  800]
 [2496 5234 1758 1672]
 [1333 2543 7051  879]
 [ 626  841  495 1794]]
Evaluation Metrics:
              precision    recall  f1-score   support

   ambiguous       0.35      0.48      0.40      3756
    negative       0.51      0.60      0.55      7642
     neutral       0.52      0.47      0.49     11160
    positive       0.70      0.60      0.65     11806

    accuracy                           0.54     34364
   macro avg       0.52      0.54      0.52     34364
weighted avg       0.56      0.54      0.55     34364
Model: Base-MLP
Classification: Emotions
Hyperparameter: {'activation': 'relu', 'solver': 'adam', 'hidden_layer_sizes': '100'}
Confusion matrix:
 [[ 230  258    2    5   21   14   41   11    5   24    6    3    0    7
    65    3   14    6    7    7    9    3   11    0    7    3    5    6]
 [ 131 7154  133   68  336  204  177  191  307  250  213  158   84  117
    37  121  442   53  122  302  238    8   85    9  100   21   74   25]
 [   4  199  591    8    6   10    1    3   74    5    2    6    5    4
     3   28   14    2    1    5    1    0    2    1    8    0    3    0]
 [   5   80    8 1108    7    7    5    6   88    8    5   20    6   13
    18   39   11    1    1    2    1    0    1    0    0    7    3    0]
 [  22  753    7   12  273   20   36   34   18   75   41   18    4   16
     9    8   54   14   14   18   43    1   28    1    6    3   14    3]
 [   3  261   14    5   18  667    7    7   41   20   11   11   10    3
     0   64   23    3   16   10   19    0    5    0    2    3    4    2]
 [  66  406    6    5   53   16  135   21   17   35   11    9    5    7
    13    7   29   16   13   13   24    0   22    3    7    2   10    8]
 [  12  505    7    2   33   27   23  105   21   22   18   10    7   11
    12   11   54    5   31    6   13    0    4    0    1    2   15    4]
 [   6  451   80   54   19   34   11   11 1068   10    8   21   37   14
     0   56   87    1   50   11    6    0    9   16   11    1    6    1]
 [  35  752    9   12   87   37   48   24   19  190   23   17   11   19
     8   11   46   19   19   24  119    1   58    0    7    1   16    3]
 [   5  485    6    3   28   20   14   15   14   12  180    3    3    2
     5    4   29    5    8   90   14    0    5    0    5    0    4    3]
 [   3  326   12   11   16   16   12   11   46    4   12  281   11   25
     3   19   48    5   16   12    6    0    3    1   29    0    2    0]
 [   4  220   24    6    6   24    1    5   49    7    4   12  116    5
     0   40   17    0   30   16   10    0    3    0    8    1    2    3]
 [  11  325    3   14   18   10    5    4   16   11    5   44    2  110
    12   15   39    4    4   10    6    0    3    1    5    3    4    5]
 [  27   68    1    7    6    2   11    3    0    1    4    2    0    5
   135    2    7    7    2    0    5    2    1    0    1    0    1    0]
 [   3  192   59   20    9  104    6    9   60    6    0   16   29    8
     1  261   19    2    9   12    2    0    2    1    9    7    2    0]
 [  23 1185   38   23   65   26   30   47  117   36   27   45   21   41
     7   48  351   11   24   37   18    1   14    2   22   11   12    6]
 [   9   86    2    2   10    6    4    3    2   16    4    0    2    2
     6    2    4   52    3    1    9    0   21    0    1    0   10    0]
 [   5  261    4    3   11   12    9   21   30   15    9    4   28    2
     0    5   17    3  176   31   11    0    5    0    2    2    7    1]
 [   0  561   10    5   21   20    6   14   26   13   63    7   16    5
     5   10   15    9   26  303    6    0    4    0    6    1    6    1]
 [  13  364    4    4   51   13   10   10   11  102   10    6    3    9
     1    5   12    5   13   12  299    1   37    2    4    2    6    0]
 [  16   32    0    2    1    2    4    3    2    1    0    0    0    0
     3    1    0    2    0    0    1    4    2    0    1    1    2    0]
 [  11  209    3    2   32    7   13    4    2   51    5    5    0    3
     0    1   15    9    4    4   58    0  142    1    2    0   17    1]
 [   0   57    3    2    2    2    1    2   21    0    1    1    2    1
     0    7    9    0    0    1    2    0    0    9    1    2    1    0]
 [   5  168    9    0    5    5    4    5    7    9    1   34    6    6
     1    6   28    0    2    6    0    0    1    0  115    0    2    1]
 [   2   57    1   10    0    1    4    2   11    2    2    2    3    4
     0   14    6    0    2    0    2    0    2    0    0   13    0    1]
 [   7  107    1    2   12    9    7    6    2    6    3    2    0    5
     0    1    8    6    4    6    6    0   16    0    0    0  128    5]
 [   6   63    0    0    5    1    7    1    1    3    3    2    2    8
     1    1    8    2    1    1    4    1    3    0    1    0    9   20]]
Evaluation Metrics:
                precision    recall  f1-score   support

    admiration       0.51      0.51      0.51      2079
     amusement       0.51      0.54      0.52      1229
         anger       0.32      0.30      0.31      1009
     annoyance       0.20      0.12      0.15      1615
      approval       0.25      0.15      0.19      2288
        caring       0.24      0.16      0.19       689
     confusion       0.27      0.19      0.22       962
     curiosity       0.32      0.26      0.29      1159
        desire       0.32      0.27      0.29       426
disappointment       0.21      0.14      0.17       959
   disapproval       0.24      0.18      0.20      1545
       disgust       0.29      0.24      0.26       601
 embarrassment       0.21      0.20      0.21       257
    excitement       0.28      0.19      0.23       613
          fear       0.35      0.37      0.36       349
     gratitude       0.79      0.76      0.78      1450
         grief       0.18      0.05      0.08        80
           joy       0.33      0.31      0.32       848
          love       0.57      0.60      0.58       986
   nervousness       0.20      0.13      0.16       154
       neutral       0.46      0.64      0.53     11160
      optimism       0.38      0.30      0.34       930
         pride       0.19      0.07      0.10       127
   realization       0.18      0.11      0.14       961
        relief       0.15      0.09      0.11       141
       remorse       0.39      0.45      0.42       300
       sadness       0.35      0.30      0.32       773
      surprise       0.29      0.26      0.28       674

      accuracy                           0.41     34364
     macro avg       0.32      0.28      0.30     34364
  weighted avg       0.39      0.41      0.39     34364
Model: Base-MLP
Classification: Sentiments
Hyperparameter: {'activation': 'relu', 'solver': 'adam', 'hidden_layer_sizes': '100'}
Confusion matrix:
 [[4423 1803  984  432]
 [2068 5605 2511  976]
 [ 970 2152 8226  458]
 [ 593 1224  680 1259]]
Evaluation Metrics:
              precision    recall  f1-score   support

   ambiguous       0.40      0.34      0.37      3756
    negative       0.55      0.58      0.56      7642
     neutral       0.52      0.50      0.51     11160
    positive       0.66      0.70      0.68     11806

    accuracy                           0.57     34364
   macro avg       0.53      0.53      0.53     34364
weighted avg       0.56      0.57      0.56     34364
Model: Top-MNB
Classification: Emotions
Hyperparameter: {'alpha': 0.5}
Confusion matrix:
 [[ 142  435    7   13   21   13   23    3    5   19    5    3    0    7
    28    7   19    0    5    4    6    0    5    0    2    0    1    0]
 [  75 8071  103   98  308  179   97  133  353  251  143  104   57  135
     9   84  396    5   77  204  171    2   47    3   28    0   21    6]
 [   0  350  466   11    8   13    1    3   88    3    2    2    1    2
     1   15   13    0    0    4    0    0    0    0    3    0    0    0]
 [   3  190    8 1059    4    5    1    4   88    6    5   22    1   13
     7   23    9    0    0    0    1    0    0    0    0    0    1    0]
 [  10  972    2   13  210   21   19   18   28   78   30   12    1   11
     3    8   50    1    7   12   20    0   13    0    3    0    3    0]
 [   3  462    7    8   11  555    0    6   60   13    5    5    5    4
     1   31   20    0    7    6   12    0    4    0    2    0    2    0]
 [  35  627    5    7   27   13   77   12   19   43    6    5    3    9
     2    4   26    1    8    6   12    1    6    0    3    0    2    0]
 [   4  657    4    3   28   20   10   56   28   24   15    6    7    7
     2    5   49    1   14    7    7    0    1    1    1    0    4    0]
 [   3  643   64   59   14   26    5    2 1065    8    2   19   16   13
     0   29   59    1   35    6    3    0    2    0    4    0    1    0]
 [  19  990    2   17   73   30   21   19   26  192   18    7    6   11
     1    3   48    1   11   15   76    0   23    0    3    0    3    0]
 [   1  637    4    7   31   12    5   10   18   16  119    4    2    1
     1    2   20    1    4   59    6    0    1    0    1    0    0    0]
 [   3  501    4   19    7    9    3    8   45    6    5  221    4   20
     1   10   34    1    9    6    4    0    2    0    8    0    0    0]
 [   2  317   11    8    8   23    2    5   68    6    1    6   47    2
     0   47   18    0   20   10    6    0    2    0    3    0    1    0]
 [   2  424    6   27    6    5    1    4   13   10    1   29    1  113
     3    7   26    0    0    5    1    0    2    0    3    0    0    0]
 [  24  153    1   20    5    1    6    3    2    5    3    3    0    8
    49    1    6    2    3    0    2    0    2    0    1    0    0    0]
 [   2  342   50   37    2   81    4    7   80    4    2   10   11    4
     0  172   19    0    6    7    2    0    0    0    5    0    1    0]
 [  10 1462   19   34   60   23   13   32  135   39   13   35    6   36
     1   18  286    0   12   32    8    0    2    0    6    1    5    0]
 [   6  159    2    2    8    7    2    7    5   18    4    1    1    1
     2    0    7   14    1    0    4    0    6    0    0    0    0    0]
 [   0  389    5    7   11   11    7   13   37   12    2    2   14    2
     0    5   19    1  107   19    9    0    1    0    0    0    1    0]
 [   1  774    8    5   13   10    1    5   29   19   40    3    8    8
     0    3   16    0   14  195    4    0    2    0    0    0    1    0]
 [   5  539    6    5   34   10    4    6   14  117    7    3    4    5
     1    4   14    1    7    8  198    0   14    0    0    1    2    0]
 [  16   45    0    1    0    2    1    1    2    2    0    1    1    3
     0    1    2    0    0    0    1    0    1    0    0    0    0    0]
 [   5  323    3    5   24    4    9    4   15   47    5    3    0    1
     1    0   18    2    4    6   31    1   85    0    1    0    4    0]
 [   0   73    2    2    3    1    0    3   23    1    2    2    0    2
     0    2    7    0    0    1    1    0    1    0    0    0    1    0]
 [   4  285    6    1    4    5    1    0   12    3    2   24    0    6
     0    2   17    0    2    5    0    0    0    0   46    0    0    1]
 [   0   78    1   15    3    1    2    2   11    2    1    1    1    2
     0   10    6    0    2    1    1    0    0    0    0    1    0    0]
 [   5  216    1    2    8    4    1    6    7   10    2    1    0    2
     0    0   13    2    3    5    6    0    5    0    0    0   50    0]
 [   3   99    1    3    3    2    5    0    2    5    2    2    1    4
     0    1    8    0    1    0    2    1    1    0    0    0    5    3]]
Evaluation Metrics:
                precision    recall  f1-score   support

    admiration       0.47      0.51      0.49      2079
     amusement       0.51      0.45      0.48      1229
         anger       0.33      0.20      0.25      1009
     annoyance       0.20      0.12      0.15      1615
      approval       0.23      0.12      0.16      2288
        caring       0.26      0.16      0.20       689
     confusion       0.27      0.12      0.17       962
     curiosity       0.31      0.17      0.22      1159
        desire       0.37      0.11      0.17       426
disappointment       0.24      0.08      0.12       959
   disapproval       0.22      0.14      0.17      1545
       disgust       0.37      0.14      0.21       601
 embarrassment       0.41      0.05      0.10       257
    excitement       0.24      0.08      0.12       613
          fear       0.46      0.14      0.22       349
     gratitude       0.71      0.73      0.72      1450
         grief       0.00      0.00      0.00        80
           joy       0.35      0.20      0.26       848
          love       0.58      0.47      0.52       986
   nervousness       0.30      0.02      0.04       154
       neutral       0.40      0.72      0.51     11160
      optimism       0.41      0.24      0.30       930
         pride       0.00      0.00      0.00       127
   realization       0.15      0.06      0.08       961
        relief       0.33      0.01      0.01       141
       remorse       0.43      0.16      0.24       300
       sadness       0.37      0.18      0.25       773
      surprise       0.30      0.16      0.21       674

      accuracy                           0.40     34364
     macro avg       0.33      0.20      0.23     34364
  weighted avg       0.37      0.40      0.35     34364
Model: Top-MNB
Classification: Sentiments
Hyperparameter: {'alpha': 0.5}
Confusion matrix:
 [[4094 2017 1198  333]
 [1961 5533 2986  680]
 [ 971 2224 8282  329]
 [ 656 1383  838  879]]
Evaluation Metrics:
              precision    recall  f1-score   support

   ambiguous       0.40      0.23      0.29      3756
    negative       0.53      0.54      0.53      7642
     neutral       0.50      0.50      0.50     11160
    positive       0.62      0.70      0.66     11806

    accuracy                           0.55     34364
   macro avg       0.51      0.49      0.50     34364
weighted avg       0.54      0.55      0.54     34364
Model: Top-DT
Classification: Emotions
Hyperparameter: {'criterion': 'gini', 'max_depth': 100, 'min_samples_split': 10}
Confusion matrix:
 [[ 129  398    4    5   17   13   29    5   10   27    5    3    2   11
    55    4   20    1    2    6    7    5    7    0    4    0    2    2]
 [  46 8542   95   68  226  226   80   59  290  221  134   73   46   75
    30   62  324   18   56  144  187    5   32    3   70    7   35    6]
 [   1  247  509    6    4   13    5    4   91    6    6    6    6    9
     1   25   23    2    1    5    2    0    3    0    8    0    3    0]
 [   4  121    9 1060    6   11    5    5   92   12    2   19    6   13
    19   24   16    0    3    3    4    0    0    3    2   11    0    0]
 [   5  969    2    9  194   26   31   10   19   71   20   11    3   15
     4    6   56    5    5   11   44    1   14    1    5    1    6    1]
 [   1  339   13    8   17  622    9    2   56   29   12    4    5    7
     1   42   17    1   11    7   12    0    5    0    4    1    3    1]
 [  31  570    6    4   48   17   74    6   17   44    8    8    6   10
     4    4   30    5    7    8   23    0   10    1   10    1    5    2]
 [   7  669    5    4   21   27    8   24   26   23    8    7    7    6
     7    5   54    1   23    4   15    0    1    0    0    1    6    2]
 [   2  717   66   41   16   32   12    5  915   18    2   15   24   13
     0   38   71    1   36   13    8    0    5   13   10    3    3    0]
 [  11 1008    6   12   54   41   26    7   25  144   21    4    2    9
     4    5   46    9    9   27  103    1   30    0    5    1    4    1]
 [   2  579    6    3   23   13   10    7   18   27  154    2    5    1
     3    2   26    3    6   46   18    1    1    0    2    0    4    0]
 [   4  440   10   13   11   18    7    2   46   18    8  191    6   15
     0   13   56    2   15    9    6    1    0    1   35    2    1    0]
 [   1  312   20    5    2   17    3    3   54   11    3    7   74    6
     0   26   17    0   21   18    4    0    1    0    8    0    0    0]
 [   2  418    6   20    8   12    4    1   19   19    3   24    2   64
     8    7   39    4    0    8    9    1    0    1    6    0    3    1]
 [  25   96    0    6   10    4    8    1    1    5    4    1    0    9
    97    1    8    3    1    3    8    3    4    0    1    0    1    0]
 [   0  277   50   22    5   98    2    3   66   15    4   11   26   15
     0  198   24    0    5    4    5    0    2    2    8    3    1    2]
 [  11 1509   28   19   39   31   19    8  112   44   25   23    9   31
     5   20  252    6   14   20   20    1   10    2   17    6    6    1]
 [   2  148    0    2    7   10    9    1    3   14    5    1    1    2
     5    0    5   21    1    3    7    0    8    0    0    0    2    0]
 [   0  347    5    2   10   17    9    9   25   19   21    6   21    3
     0    9   14    2  110   21   14    0    1    0    4    0    4    1]
 [   2  708    6    4   16   23    4    6   26   33   46    6   11    6
     4    5   17    1   16  189   18    0    6    0    1    2    3    0]
 [   5  542    3    2   28   12   14    1    8   89   11    4    1    3
     2    1   12    3    5   13  220    0   22    0    1    2    4    1]
 [   6   46    0    1    0    3    3    0    3    1    1    2    0    1
     3    2    0    0    0    0    1    5    0    0    1    0    1    0]
 [   7  309    3    2   15   13   12    0    7   56    6    3    0    1
     0    0   10    6    5    6   45    0   86    0    1    0    7    1]
 [   0   83    1    1    0    2    2    1   15    2    2    2    1    0
     0    4    5    0    0    0    1    0    0    4    1    0    0    0]
 [   2  222    6    1    8    9    5    3    6   10    1   25    3    6
     0    3   14    1    2    6    5    1    1    0   83    0    2    1]
 [   2   74    1    9    1    1    4    1   12    3    2    1    1    2
     0   13    6    1    0    0    1    0    1    0    0    5    0    0]
 [   4  161    2    1    9    8    5    1    4   12    3    1    0    5
     0    0    9    0    1    5    8    0    9    0    3    1   96    1]
 [   2   95    1    1    4    2    3    0    4    3    5    3    0    6
     1    0    6    3    0    0    1    0    1    0    0    0    3   10]]
Evaluation Metrics:
                precision    recall  f1-score   support

    admiration       0.46      0.44      0.45      2079
     amusement       0.47      0.51      0.49      1229
         anger       0.28      0.22      0.24      1009
     annoyance       0.15      0.09      0.11      1615
      approval       0.21      0.11      0.15      2288
        caring       0.19      0.09      0.12       689
     confusion       0.30      0.16      0.21       962
     curiosity       0.33      0.16      0.22      1159
        desire       0.29      0.19      0.23       426
disappointment       0.18      0.08      0.11       959
   disapproval       0.24      0.13      0.17      1545
       disgust       0.33      0.14      0.20       601
 embarrassment       0.21      0.08      0.12       257
    excitement       0.28      0.12      0.17       613
          fear       0.47      0.28      0.35       349
     gratitude       0.80      0.73      0.76      1450
         grief       0.20      0.06      0.10        80
           joy       0.38      0.23      0.29       848
          love       0.59      0.52      0.55       986
   nervousness       0.29      0.06      0.11       154
       neutral       0.43      0.77      0.55     11160
      optimism       0.41      0.21      0.27       930
         pride       0.13      0.03      0.05       127
   realization       0.14      0.02      0.04       961
        relief       0.11      0.04      0.05       141
       remorse       0.38      0.32      0.35       300
       sadness       0.41      0.17      0.24       773
      surprise       0.31      0.16      0.21       674

      accuracy                           0.41     34364
     macro avg       0.32      0.22      0.25     34364
  weighted avg       0.37      0.41      0.36     34364
Model: Top-DT
Classification: Sentiments
Hyperparameter: {'criterion': 'gini', 'max_depth': 700, 'min_samples_split': 2}
Confusion matrix:
 [[4562 1576  696  808]
 [2415 5401 1717 1627]
 [1304 2625 7007  870]
 [ 617  884  490 1765]]
Evaluation Metrics:
              precision    recall  f1-score   support

   ambiguous       0.35      0.47      0.40      3756
    negative       0.51      0.60      0.55      7642
     neutral       0.52      0.48      0.50     11160
    positive       0.71      0.59      0.65     11806

    accuracy                           0.55     34364
   macro avg       0.52      0.54      0.52     34364
weighted avg       0.56      0.55      0.55     34364
Model: Top-MLP
Classification: Emotions
Hyperparameter: {'activation': 'logistic', 'hidden_layer_sizes': (30, 50), 'solver': 'adam'}
Confusion matrix:
 [[ 194  424    6    6    8   18    1    0    5   10    0    5    0    0
    53    9    7    0    1    4   12    0    9    0    1    0    0    0]
 [ 110 9407  170   78   56  253    1    0  349   26    8   98    1   44
    21   65   92    0   32  148  159    0   27    0   13    0    2    0]
 [   3  212  665    6    2   13    0    0   65    0    0    3    0    0
     1    8    3    0    0    2    2    0    0    0    1    0    0    0]
 [  12   86    9 1139    1    4    0    0  105    3    0   14    0   13
    22   36    5    0    0    0    1    0    0    0    0    0    0    0]
 [  21 1289    8   13   47   30    0    0   19    8    1   12    0    5
     6    7   21    0    2   10   26    0   18    0    2    0    0    0]
 [   3  306   14    3    0  796    0    0   60    1    0    8    0    0
     1   17    3    0    3    4    7    0    3    0    0    0    0    0]
 [  54  733    8    3   12   17    1    0   16   18    1   16    0    9
     4    9    9    0    4    8   23    0   13    0    1    0    0    0]
 [  10  798   13    2    5   35    0    0   29    4    0    6    0    3
     3   10   15    0   10    8   10    0    0    0    0    0    0    0]
 [   9  633   89   48    0   34    0    0 1158    0    1    8    0    3
     0   32   23    0   29    6    1    0    4    0    1    0    0    0]
 [  27 1260   11   15   12   47    1    0   18   32    2    9    0    5
     7    4   11    0    5   18  103    0   27    0    0    0    1    0]
 [   6  790    8    4    6   20    0    0   16    2   17    1    0    0
     2    4    4    0    1   65   15    0    1    0    0    0    0    0]
 [   2  450   17   23    2   19    0    0   64    2    1  283    0    7
     3   16   25    0    3    7    0    0    0    0    6    0    0    0]
 [   3  341   27   11    1   18    0    0  102    0    0    6    5    0
     0   60    4    0   17   16    2    0    0    0    0    0    0    0]
 [   9  484   13   31    6    9    0    0   24    3    1   41    0   27
    11    8    6    0    1    3   10    0    1    0    1    0    0    0]
 [  55   94    4    8    2    3    0    0    2    1    0    5    0    4
   109    3    0    0    0    3    6    0    1    0    0    0    0    0]
 [   6  258   67   36    0  123    0    0  139    0    0    8    0    2
     0  197    4    0    3    2    3    0    0    0    0    0    0    0]
 [  11 1759   43   20   11   32    0    0  178    2    0   37    0   11
     4   24  117    0    8   16    8    0    5    0    1    0    1    0]
 [  10  189    2    1    2    6    0    0    3    6    1    0    0    0
     7    1    1    0    1    5   16    0    5    0    0    0    1    0]
 [   0  455   10    4    0   22    0    0   46    1    0    1    0    0
     0   11    5    0   64   34   20    0    1    0    0    0    0    0]
 [   5  868   11    6    1   21    0    0   38    1    4    3    0    3
     2    7    4    0   11  158   14    0    2    0    0    0    0    0]
 [  13  660    5    5    9   15    0    0    9    9    1    4    0    2
     2    2    2    0    1    3  246    0   21    0    0    0    0    0]
 [  15   47    1    1    1    2    0    0    2    0    0    1    0    0
     3    3    0    0    0    0    2    0    2    0    0    0    0    0]
 [  21  402    4    2    4    9    0    0    2    7    0    4    0    2
     0    1    2    0    1    2   57    0   81    0    0    0    0    0]
 [   2   73    4    5    2    3    0    0   29    1    0    1    0    0
     0    2    2    0    0    2    0    0    0    0    1    0    0    0]
 [   6  256   26    4    7    6    0    0   13    0    0   33    0   27
     1    4    7    0    1    4    3    0    0    0   28    0    0    0]
 [   3   90    2   14    0    1    0    0   11    0    0    2    0    2
     0   10    3    0    0    1    2    0    0    0    0    0    0    0]
 [  18  239    2    1    2   12    0    0    1    3    0    4    0    1
     0    2    3    0    2    5   32    0   12    0    0    0   10    0]
 [   9  121    0    1    1    1    0    0    1    2    0    4    0    0
     1    1    3    0    0    4    2    0    2    0    0    0    1    0]]
Evaluation Metrics:
                precision    recall  f1-score   support

    admiration       0.46      0.56      0.51      2079
     amusement       0.51      0.65      0.57      1229
         anger       0.31      0.24      0.27      1009
     annoyance       0.23      0.02      0.04      1615
      approval       0.31      0.05      0.09      2288
        caring       0.16      0.04      0.06       689
     confusion       0.45      0.02      0.03       962
     curiosity       0.29      0.14      0.19      1159
        desire       0.50      0.07      0.12       426
disappointment       0.25      0.00      0.00       959
   disapproval       0.23      0.03      0.05      1545
       disgust       0.34      0.13      0.19       601
 embarrassment       0.00      0.00      0.00       257
    excitement       0.83      0.01      0.02       613
          fear       0.62      0.03      0.05       349
     gratitude       0.76      0.79      0.77      1450
         grief       0.00      0.00      0.00        80
           joy       0.36      0.23      0.28       848
          love       0.54      0.67      0.60       986
   nervousness       0.00      0.00      0.00       154
       neutral       0.41      0.84      0.56     11160
      optimism       0.46      0.30      0.37       930
         pride       0.00      0.00      0.00       127
   realization       0.00      0.00      0.00       961
        relief       0.00      0.00      0.00       141
       remorse       0.41      0.36      0.39       300
       sadness       0.30      0.25      0.28       773
      surprise       0.32      0.09      0.15       674

      accuracy                           0.43     34364
     macro avg       0.32      0.20      0.20     34364
  weighted avg       0.38      0.43      0.34     34364
Model: Top-MLP
Classification: Sentiments
Hyperparameter: {'activation': 'logistic', 'hidden_layer_sizes': (30, 50), 'solver': 'adam'}
Confusion matrix:
 [[   0 5663    0    0]
 [   0 9641    0    0]
 [   0 5468    0    0]
 [   0 3094    0    0]]
Evaluation Metrics:
                precision    recall  f1-score   support

    admiration       0.00      0.00      0.00         0
     ambiguous       0.00      0.00      0.00      3756
     amusement       0.00      0.00      0.00         0
         anger       0.00      0.00      0.00         0
     annoyance       0.00      0.00      0.00         0
      approval       0.00      0.00      0.00         0
        caring       0.00      0.00      0.00         0
     confusion       0.00      0.00      0.00         0
     curiosity       0.00      0.00      0.00         0
disappointment       0.00      0.00      0.00         0
   disapproval       0.00      0.00      0.00         0
       disgust       0.00      0.00      0.00         0
     gratitude       0.00      0.00      0.00         0
           joy       0.00      0.00      0.00         0
          love       0.00      0.00      0.00         0
      negative       0.00      0.00      0.00      7642
       neutral       0.40      0.86      0.55     11160
      optimism       0.00      0.00      0.00         0
      positive       0.00      0.00      0.00     11806
       remorse       0.00      0.00      0.00         0
       sadness       0.00      0.00      0.00         0
      surprise       0.00      0.00      0.00         0

      accuracy                           0.28     34364
     macro avg       0.02      0.04      0.03     34364
  weighted avg       0.13      0.28      0.18     34364
