Model: Base-MLP - glove-wiki-gigaword-300
Classification: Emotions
Hyperparameter: {'activation': 'relu', 'solver': 'adam', 'hidden_layer_sizes': '100'}
Confusion matrix:
 [[   90   570     7     5     2     7     1     0    10     6     0     2
      0     0    13     2     1     0     0     3     5     0     6     0
      1     0     2     0]
 [   44 10124    89    71    30    96     1     0   274    18    11    20
      4     5    10    26    54     0    11    70    71     0     8     0
      8     0     4     0]
 [    1   359   523     5     0    14     0     0    60     0     0     3
      1     0     0     5     0     0     0     0     1     0     0     0
      0     0     0     0]
 [    6   344     3   962     0     5     0     0    68     0     0     7
      0     4     3    17     5     0     0     0     0     0     0     0
      0     0     0     0]
 [    7  1438     6     9    32    17     0     0    10     7     0     1
      0     0     1     1     5     0     3     4    11     0     5     0
      0     0     1     0]
 [    4   758     7     7     2   332     0     0    51     2     0     4
      0     0     0    11     2     0     1     1     4     0     1     0
      1     0     1     0]
 [   32   840    11     1     2     7     1     0    14     5     2     4
      0     1     0     0     3     0     1     0     9     0     5     0
      1     0     4     0]
 [    4   896     9     3     3     8     0     0    13     2     1     2
      0     0     2     1     2     0     2     1     0     0     1     0
      0     0     0     0]
 [    3   964    99    65     0    22     0     0   893     2     1    11
      1     7     0    13    16     0     4     1     1     0     1     0
      1     0     1     0]
 [   10  1511     9    12     5    34     1     0    23    22     1     2
      0     1     1     1     1     0     2     6    50     0     7     0
      1     0     1     0]
 [    8   903     2     1     3    12     0     0     9     0     9     0
      0     1     0     1     3     0     1    19     4     0     1     0
      0     0     1     0]
 [    1   705     7    20     1     4     0     0    61     1     0    81
      0     6     0     9     4     0     1     0     0     0     0     0
      6     0     1     0]
 [    1   472    16    11     0    10     0     0    75     1     2     4
      8     1     0    30     1     0     2     4     2     0     1     0
      0     0     0     0]
 [    8   627     7    20     2     1     0     0    24     0     0    16
      0    21     3     4     4     0     0     2     2     0     0     0
      2     0     0     0]
 [   27   204     2     8     3     2     0     0     2     0     0     0
      0     0    38     0     0     0     0     0     0     0     0     0
      1     0     0     0]
 [    2   542    42    44     0    67     0     0    90     1     0     3
      5     4     1    66     5     0     1     1     1     0     0     0
      2     0     0     0]
 [    6  1918    34    14     6    28     0     0   121     0     0     5
      0     3     3     4    51     0     0     3     4     0     0     0
      2     0     0     0]
 [   15   260     2     2     1     7     0     0     4     2     0     0
      0     0     1     1     4     0     0     0     0     0     2     0
      0     0     1     0]
 [    3   569     3     4     1    18     0     0    36     1     1     0
      0     1     0     7     0     0    13    10     5     0     2     0
      0     0     2     0]
 [    3  1035     9     6     0     7     0     0    16     0     6     5
      0     3     0     0     0     0     3    72     6     0     0     0
      1     0     0     0]
 [    9   826     6     3     2    15     0     0     9    18     0     0
      0     0     0     0     0     0     1     4   114     0    11     0
      0     0     1     0]
 [    9    62     0     1     0     0     0     0     1     0     0     0
      0     1     2     0     0     0     0     0     2     0     0     0
      0     0     0     0]
 [    9   488     2     0     1     7     0     0     9     7     0     0
      0     0     0     0     1     0     1     1    18     0    32     0
      0     0     4     0]
 [    0   101     3     6     0     0     0     0    18     0     0     0
      0     0     0     3     1     0     0     0     1     0     0     0
      0     0     0     0]
 [    2   332    12     8     2     5     0     0    14     0     0    12
      0     1     0     3     3     0     0     2     1     0     0     0
     24     0     0     0]
 [    4   140     1    17     0     0     0     0    15     0     0     2
      0     1     0     5     4     0     0     0     0     0     0     0
      0     0     0     0]
 [   15   314     0     0     0     1     0     0     4     0     0     1
      0     2     0     0     2     0     0     0     3     0    13     0
      0     0    20     0]
 [    8   146     0     1     0     0     0     0     1     0     0     0
      0     0     0     0     0     0     1     1     0     0     0     0
      0     0     0     0]]
Evaluation Metrics:
                precision    recall  f1-score   support

    admiration       0.46      0.42      0.44      2106
     amusement       0.46      0.28      0.35      1189
         anger       0.36      0.11      0.17      1019
     annoyance       0.23      0.01      0.02      1701
      approval       0.30      0.02      0.04      2202
        caring       0.33      0.03      0.05       743
     confusion       0.26      0.01      0.02       978
     curiosity       0.35      0.06      0.10      1172
        desire       0.47      0.06      0.10       421
disappointment       0.25      0.00      0.00       943
   disapproval       0.33      0.02      0.04      1558
       disgust       0.33      0.06      0.09       580
 embarrassment       0.00      0.00      0.00       302
    excitement       0.42      0.01      0.02       641
          fear       0.45      0.05      0.10       375
     gratitude       0.74      0.68      0.70      1424
         grief       0.00      0.00      0.00        78
           joy       0.31      0.08      0.12       877
          love       0.57      0.54      0.56       972
   nervousness       0.00      0.00      0.00       158
       neutral       0.37      0.92      0.53     11049
      optimism       0.44      0.09      0.15       908
         pride       0.00      0.00      0.00       133
   realization       0.00      0.00      0.00       950
        relief       0.00      0.00      0.00       189
       remorse       0.49      0.13      0.21       287
       sadness       0.27      0.12      0.17       733
      surprise       0.27      0.02      0.04       676

      accuracy                           0.39     34364
     macro avg       0.30      0.13      0.14     34364
  weighted avg       0.36      0.39      0.29     34364
Model: Base-MLP - glove-wiki-gigaword-300
Classification: Sentiments
Hyperparameter: {'activation': 'relu', 'solver': 'adam', 'hidden_layer_sizes': '100'}
Confusion matrix:
 [[3691 2290 1559  194]
 [1979 5595 3062  413]
 [1186 2262 8188  169]
 [ 691 1524  984  577]]
Evaluation Metrics:
              precision    recall  f1-score   support

   ambiguous       0.43      0.15      0.22      3776
    negative       0.49      0.48      0.48      7734
     neutral       0.48      0.51      0.49     11049
    positive       0.59      0.69      0.64     11805

    accuracy                           0.53     34364
   macro avg       0.50      0.46      0.46     34364
weighted avg       0.51      0.53      0.51     34364
Model: Top-MLP - glove-wiki-gigaword-300
Classification: Sentiments
Hyperparameter: {'activation': 'relu', 'hidden_layer_sizes': (30, 50), 'solver': 'adam'}
Confusion matrix:
 [[3641 2413 1385  295]
 [1820 5733 2889  607]
 [ 986 2409 8196  214]
 [ 585 1499  852  840]]
Evaluation Metrics:
              precision    recall  f1-score   support

   ambiguous       0.43      0.22      0.29      3776
    negative       0.52      0.47      0.49      7734
     neutral       0.48      0.52      0.50     11049
    positive       0.62      0.69      0.65     11805

    accuracy                           0.54     34364
   macro avg       0.51      0.48      0.48     34364
weighted avg       0.53      0.54      0.53     34364
Model: Top-MLP - glove-wiki-gigaword-300
Classification: Emotions
Hyperparameter: {'activation': 'relu', 'hidden_layer_sizes': (30, 50), 'solver': 'adam'}
Confusion matrix:
 [[ 161  432    9    5    6   10    5    0   12    5    1    2    0    7
    37    5    0    3    3    2   13    0    8    0    2    0    4    1]
 [  91 9386  180   90   54  167   10    2  370   37   15   45   25   23
    32   59   82    7   42  104  101    1   60    1   26    0   36    3]
 [   4  213  655    7    0   12    0    0   58    1    0    5    3    1
     0    7    0    0    1    2    0    0    2    0    0    0    1    0]
 [   5  186    7 1050    0    9    0    0   88    2    0    8    6    9
    22   28    2    0    0    0    0    0    0    0    2    0    0    0]
 [  12 1302   13   13   52   22    1    1   33   17    7    6    1    1
     6    2    8    0   10    0   29    0   10    0    4    0    8    0]
 [   6  535   18    7    2  502    0    2   54    4    0    3    3    0
     2   23    7    0    9    0    6    0    3    0    3    0    0    0]
 [  65  699   15    6    4   20   12    0   23   15    0    8    0    2
     8    4    2    4   12    9   15    0   10    0    4    0    6    0]
 [   7  808   17    9    5   15    2    1   30    4    4    1    0    0
     5    3    9    1   13    4    5    1    1    0    0    0    5    0]
 [   2  700  144   48    5   35    0    1 1026    3    0   19   12    9
     0   32   21    1   21    6    7    0    5    3    3    1    2    0]
 [  28 1320   25   16   12   45    2    0   30   55    3    3    1    4
     5    3    2    3   10   14   83    0   28    0    3    0    6    0]
 [   7  797    7    5    4   20    1    0   16    6   30    4    0    1
     6    3    7    2   17   32    5    1    3    0    0    0    1    3]
 [   6  564   17   24    2   10    0    0   49    0    1  167    4   10
     1   17   10    0    5    1    2    0    0    0   16    0    1    1]
 [   2  340   30   12    2   18    0    0   92    3    0   11   53    1
     1   29    7    0   22   10    2    0    2    0    3    0    1    0]
 [  13  525   17   21    0    6    0    0   24    1    0   28    0   57
     9   12    8    0    1    5    2    0    2    0    8    0    3    1]
 [  29  123    3   10    0    1    0    0    3    1    1    1    0    0
   107    1    2    0    2    0    1    0    0    0    1    0    1    0]
 [   9  380   64   39    2   86    2    0   91    1    0    7   19    4
     0  152    6    1    3    3    1    0    1    1    2    1    2    0]
 [  16 1713   59   20   16   42    2    0  133   15    4   12    3    9
     8   17   90    1    8    3   16    0    4    0    4    1    6    0]
 [  14  204    4    2    3    9    2    0    5    6    0    0    1    0
    10    1    5   16    3    0    6    0    8    0    0    0    2    1]
 [   1  451    8    4    2   17    0    0   55    4    2    2    2    1
     1    5    0    1   89    9   12    0    4    0    0    0    6    0]
 [   3  920   21    4    3   12    0    0   22    3   11    6    5    1
     2    7    4    0   20  113    9    0    3    0    3    0    0    0]
 [  11  689    9    5    5   17    0    0   18   25    0    1    0    1
     2    6    1    1    5    6  183    0   27    0    2    0    5    0]
 [  11   54    0    1    0    0    1    0    1    1    0    0    0    0
     4    0    0    0    0    0    3    1    1    0    0    0    0    0]
 [  10  402    7    2    3    6    1    0   11   14    1    0    0    0
     2    0    2    0    2    1   22    0   82    0    1    0   11    0]
 [   0   86    2    2    0    1    0    0   24    0    0    3    2    0
     0    8    1    0    0    0    1    0    0    3    0    0    0    0]
 [   3  264   15    9    1    6    0    0   13    0    1   28    0    1
     0    4    7    0    0    4    1    0    0    0   64    0    0    0]
 [   4  109    3   22    0    2    1    0   18    0    0    3    1    1
     0   15    6    0    1    0    1    0    1    0    0    1    0    0]
 [  12  214    2    1    1    4    4    0    7    3    1    4    0    1
     1    0    0    1    3    0    6    0   17    0    0    0   90    3]
 [   9  114    2    1    1    2    0    0    2    1    1    1    0    2
     1    0    0    2    1    0    5    0    4    0    0    0    5    4]]
Evaluation Metrics:
                precision    recall  f1-score   support

    admiration       0.44      0.49      0.46      2106
     amusement       0.46      0.42      0.44      1189
         anger       0.34      0.18      0.24      1019
     annoyance       0.24      0.03      0.06      1701
      approval       0.31      0.04      0.07      2202
        caring       0.39      0.08      0.13       743
     confusion       0.36      0.03      0.06       978
     curiosity       0.34      0.10      0.15      1172
        desire       0.42      0.15      0.22       421
disappointment       0.26      0.01      0.02       943
   disapproval       0.28      0.03      0.06      1558
       disgust       0.29      0.14      0.19       580
 embarrassment       0.36      0.05      0.09       302
    excitement       0.38      0.08      0.14       641
          fear       0.45      0.24      0.31       375
     gratitude       0.73      0.74      0.73      1424
         grief       0.25      0.01      0.02        78
           joy       0.34      0.17      0.23       877
          love       0.48      0.67      0.56       972
   nervousness       0.24      0.03      0.05       158
       neutral       0.40      0.85      0.54     11049
      optimism       0.44      0.18      0.26       908
         pride       0.38      0.02      0.04       133
   realization       0.14      0.00      0.00       950
        relief       0.25      0.01      0.01       189
       remorse       0.39      0.37      0.38       287
       sadness       0.30      0.22      0.25       733
      surprise       0.29      0.13      0.18       676

      accuracy                           0.41     34364
     macro avg       0.36      0.20      0.21     34364
  weighted avg       0.38      0.41      0.33     34364
