Model: Base-MNB
Classification: Emotions
Hyperparameter: {'alpha': 1.0}
Confusion matrix:
 [[   86  2055     1    16    13     9    13     4    19    11     0     6
      0     4     6     4    20     0     2     2     5     0     2     0
      1     0     0     0]
 [   29 30327   113   152   244   201    70    54   583   284    79    54
     39    46     2    97   547     3    35   113   151     0    16     1
     11     0    21     0]
 [    1  2076   661     9     4     9     0     3   168     5     0     1
      0     0     0    13    15     0     1     1     0     0     0     0
      0     0     0     0]
 [    0  1582     9  2385     3     7     0     3   170     9     0     2
      1     5     2    18    20     0     2     2     0     0     0     0
      1     0     0     0]
 [    3  4168     2    10   157    15     9    11    37    63     9     1
      2     3     0     3    87     0     2     6    14     0     3     0
      0     0     1     0]
 [    2  2891     8    24     9   599     1     8    71    30     0     1
      2     0     0    23    21     0     4     0    10     0     0     0
      0     0     0     0]
 [   14  2585     2     6    27     8    33     9    33    43     2     5
      1     1     0     2    32     0     3     2     8     0     4     0
      1     0     0     1]
 [    0  2596     4     7    18     7     4    27    35    20     3     3
      0     0     0     7    56     0     3     3     6     0     1     0
      1     0     0     0]
 [    0  3887    81   102     6    26     1     3  2090    16     2     4
      3     2     0    24    78     0    11     6     4     0     0     0
      1     0     0     0]
 [    9  4438     7    17    43    17    10     6    50   189     6     4
      2     4     0     3    66     1     5    10    78     0    11     0
      0     0     1     0]
 [    0  2769     2     8    20    11     3     5    18    17    60     2
      0     1     0     0    31     0     0    33     4     0     0     0
      0     0     0     0]
 [    1  2394     4    33     6     3     0     0    83     7     1   119
      1     4     0     7    43     0     1     2     2     0     0     0
      2     0     2     0]
 [    1  1442    11    14     7    16     2     3   153    10     1     6
     22     1     0    85    19     0     8     4    11     0     0     0
      0     0     1     0]
 [    2  1906     6    44    11     0     2     1    28     4     1    15
      0    43     1     6    26     0     0     0     2     0     0     0
      0     0     0     0]
 [   15   800     1    35     3     2     6     3     3     3     0     2
      0     0    17     0     7     0     0     1     4     0     1     1
      1     0     0     0]
 [    1  2040    54    62     7    92     2     5   147     9     2     4
      3     3     0   157    33     0     1     0     2     0     0     0
      0     0     0     0]
 [    7  5892    18    32    38    24     7    13   218    48    10    17
      5     7     0     6   384     0     1     6     8     0     1     0
      2     0     5     0]
 [    2   771     1     5     5     2     5     1    10    20     2     1
      0     0     0     0     7     4     1     0     2     0     1     1
      0     0     0     0]
 [    2  1839     3     7     3     7     1     9    84    17     9     2
      3     3     0    11    12     0    58    14    14     0     0     0
      0     0     1     0]
 [    0  3238     4    11     9     8     0     3    34    14    23     1
      5     3     0     0    43     0     2   159     1     0     0     0
      0     0     0     0]
 [    4  2600     7    10    15    17     3     3    29   120     1     3
      0     2     0     2    20     0     3     9   218     0     6     0
      0     0     2     0]
 [    8   188     0     2     0     0     0     0     0     2     0     1
      0     0     0     0     1     0     1     0     0     0     0     0
      0     0     0     0]
 [    3  1490     3     2    16     4     3     2    35    62     3     1
      0     0     0     0    29     2     1     4    27     0    60     0
      0     0     1     0]
 [    0   331     3     4     2     0     0     1    41     0     0     2
      0     0     0     0    10     0     0     2     1     0     0     0
      0     0     0     0]
 [    1  1157     2    11     2     9     0     2    18     7     1    12
      0     0     0     4    15     0     0     0     0     0     1     0
     17     0     1     0]
 [    1   431     0    20     0     2     1     1    16     1     1     0
      0     0     0     1     5     0     0     0     2     0     0     0
      0     0     0     0]
 [    5   952     1     1     6     8     6     2    23     9     3     2
      0     2     0     1    13     0     4     0     2     0     1     0
      0     0    10     0]
 [    2   459     0     2     3     0     2     0     4     4     0     1
      0     0     0     0     8     0     1     1     1     0     0     0
      1     0     1     1]]
Evaluation Metrics:
                precision    recall  f1-score   support

    admiration       0.50      0.33      0.40      6347
     amusement       0.54      0.16      0.25      3704
         anger       0.38      0.07      0.12      3074
     annoyance       0.18      0.04      0.06      4977
      approval       0.23      0.06      0.09      6749
        caring       0.32      0.02      0.04      2098
     confusion       0.27      0.02      0.04      2984
     curiosity       0.42      0.04      0.08      3558
        desire       0.44      0.01      0.03      1260
disappointment       0.18      0.01      0.02      2822
   disapproval       0.23      0.03      0.06      4606
       disgust       0.56      0.03      0.06      1748
 embarrassment       0.40      0.00      0.01       841
    excitement       0.25      0.01      0.02      1817
          fear       0.21      0.01      0.02      1051
     gratitude       0.79      0.57      0.66      4221
         grief       0.00      0.00      0.00       203
           joy       0.33      0.06      0.10      2624
          love       0.66      0.22      0.33      2967
   nervousness       0.50      0.00      0.00       491
       neutral       0.35      0.91      0.50     33272
      optimism       0.44      0.04      0.08      2715
         pride       0.00      0.00      0.00       397
   realization       0.15      0.01      0.02      2801
        relief       0.00      0.00      0.00       482
       remorse       0.61      0.02      0.04       905
       sadness       0.43      0.04      0.07      2279
      surprise       0.39      0.03      0.05      2099

      accuracy                           0.37    103092
     macro avg       0.35      0.10      0.11    103092
  weighted avg       0.37      0.37      0.26    103092
Model: Base-MNB
Classification: Sentiments
Hyperparameter: {'alpha': 1.0}
Confusion matrix:
 [[11059  7004  4379   555]
 [ 5646 16443  9951  1232]
 [ 2715  7036 24999   631]
 [ 1861  4845  2962  1774]]
Evaluation Metrics:
              precision    recall  f1-score   support

   ambiguous       0.42      0.16      0.23     11442
    negative       0.52      0.48      0.50     22997
     neutral       0.47      0.49      0.48     33272
    positive       0.59      0.71      0.64     35381

    accuracy                           0.53    103092
   macro avg       0.50      0.46      0.46    103092
weighted avg       0.52      0.53      0.51    103092
Model: Base-MNB
Classification: Emotions
Hyperparameter: {'alpha': 1.0}
Confusion matrix:
 [[   86  2055     1    16    13     9    13     4    19    11     0     6
      0     4     6     4    20     0     2     2     5     0     2     0
      1     0     0     0]
 [   29 30327   113   152   244   201    70    54   583   284    79    54
     39    46     2    97   547     3    35   113   151     0    16     1
     11     0    21     0]
 [    1  2076   661     9     4     9     0     3   168     5     0     1
      0     0     0    13    15     0     1     1     0     0     0     0
      0     0     0     0]
 [    0  1582     9  2385     3     7     0     3   170     9     0     2
      1     5     2    18    20     0     2     2     0     0     0     0
      1     0     0     0]
 [    3  4168     2    10   157    15     9    11    37    63     9     1
      2     3     0     3    87     0     2     6    14     0     3     0
      0     0     1     0]
 [    2  2891     8    24     9   599     1     8    71    30     0     1
      2     0     0    23    21     0     4     0    10     0     0     0
      0     0     0     0]
 [   14  2585     2     6    27     8    33     9    33    43     2     5
      1     1     0     2    32     0     3     2     8     0     4     0
      1     0     0     1]
 [    0  2596     4     7    18     7     4    27    35    20     3     3
      0     0     0     7    56     0     3     3     6     0     1     0
      1     0     0     0]
 [    0  3887    81   102     6    26     1     3  2090    16     2     4
      3     2     0    24    78     0    11     6     4     0     0     0
      1     0     0     0]
 [    9  4438     7    17    43    17    10     6    50   189     6     4
      2     4     0     3    66     1     5    10    78     0    11     0
      0     0     1     0]
 [    0  2769     2     8    20    11     3     5    18    17    60     2
      0     1     0     0    31     0     0    33     4     0     0     0
      0     0     0     0]
 [    1  2394     4    33     6     3     0     0    83     7     1   119
      1     4     0     7    43     0     1     2     2     0     0     0
      2     0     2     0]
 [    1  1442    11    14     7    16     2     3   153    10     1     6
     22     1     0    85    19     0     8     4    11     0     0     0
      0     0     1     0]
 [    2  1906     6    44    11     0     2     1    28     4     1    15
      0    43     1     6    26     0     0     0     2     0     0     0
      0     0     0     0]
 [   15   800     1    35     3     2     6     3     3     3     0     2
      0     0    17     0     7     0     0     1     4     0     1     1
      1     0     0     0]
 [    1  2040    54    62     7    92     2     5   147     9     2     4
      3     3     0   157    33     0     1     0     2     0     0     0
      0     0     0     0]
 [    7  5892    18    32    38    24     7    13   218    48    10    17
      5     7     0     6   384     0     1     6     8     0     1     0
      2     0     5     0]
 [    2   771     1     5     5     2     5     1    10    20     2     1
      0     0     0     0     7     4     1     0     2     0     1     1
      0     0     0     0]
 [    2  1839     3     7     3     7     1     9    84    17     9     2
      3     3     0    11    12     0    58    14    14     0     0     0
      0     0     1     0]
 [    0  3238     4    11     9     8     0     3    34    14    23     1
      5     3     0     0    43     0     2   159     1     0     0     0
      0     0     0     0]
 [    4  2600     7    10    15    17     3     3    29   120     1     3
      0     2     0     2    20     0     3     9   218     0     6     0
      0     0     2     0]
 [    8   188     0     2     0     0     0     0     0     2     0     1
      0     0     0     0     1     0     1     0     0     0     0     0
      0     0     0     0]
 [    3  1490     3     2    16     4     3     2    35    62     3     1
      0     0     0     0    29     2     1     4    27     0    60     0
      0     0     1     0]
 [    0   331     3     4     2     0     0     1    41     0     0     2
      0     0     0     0    10     0     0     2     1     0     0     0
      0     0     0     0]
 [    1  1157     2    11     2     9     0     2    18     7     1    12
      0     0     0     4    15     0     0     0     0     0     1     0
     17     0     1     0]
 [    1   431     0    20     0     2     1     1    16     1     1     0
      0     0     0     1     5     0     0     0     2     0     0     0
      0     0     0     0]
 [    5   952     1     1     6     8     6     2    23     9     3     2
      0     2     0     1    13     0     4     0     2     0     1     0
      0     0    10     0]
 [    2   459     0     2     3     0     2     0     4     4     0     1
      0     0     0     0     8     0     1     1     1     0     0     0
      1     0     1     1]]
Evaluation Metrics:
                precision    recall  f1-score   support

    admiration       0.50      0.33      0.40      6347
     amusement       0.54      0.16      0.25      3704
         anger       0.38      0.07      0.12      3074
     annoyance       0.18      0.04      0.06      4977
      approval       0.23      0.06      0.09      6749
        caring       0.32      0.02      0.04      2098
     confusion       0.27      0.02      0.04      2984
     curiosity       0.42      0.04      0.08      3558
        desire       0.44      0.01      0.03      1260
disappointment       0.18      0.01      0.02      2822
   disapproval       0.23      0.03      0.06      4606
       disgust       0.56      0.03      0.06      1748
 embarrassment       0.40      0.00      0.01       841
    excitement       0.25      0.01      0.02      1817
          fear       0.21      0.01      0.02      1051
     gratitude       0.79      0.57      0.66      4221
         grief       0.00      0.00      0.00       203
           joy       0.33      0.06      0.10      2624
          love       0.66      0.22      0.33      2967
   nervousness       0.50      0.00      0.00       491
       neutral       0.35      0.91      0.50     33272
      optimism       0.44      0.04      0.08      2715
         pride       0.00      0.00      0.00       397
   realization       0.15      0.01      0.02      2801
        relief       0.00      0.00      0.00       482
       remorse       0.61      0.02      0.04       905
       sadness       0.43      0.04      0.07      2279
      surprise       0.39      0.03      0.05      2099

      accuracy                           0.37    103092
     macro avg       0.35      0.10      0.11    103092
  weighted avg       0.37      0.37      0.26    103092
Model: Base-MNB
Classification: Sentiments
Hyperparameter: {'alpha': 1.0}
Confusion matrix:
 [[11059  7004  4379   555]
 [ 5646 16443  9951  1232]
 [ 2715  7036 24999   631]
 [ 1861  4845  2962  1774]]
Evaluation Metrics:
              precision    recall  f1-score   support

   ambiguous       0.42      0.16      0.23     11442
    negative       0.52      0.48      0.50     22997
     neutral       0.47      0.49      0.48     33272
    positive       0.59      0.71      0.64     35381

    accuracy                           0.53    103092
   macro avg       0.50      0.46      0.46    103092
weighted avg       0.52      0.53      0.51    103092
Model: Base-DTC
Classification: Emotions
Hyperparameter: {'criterion': 'gini', 'max_depth': 'None', 'min_samples_split': '2'}
Confusion matrix:
 [[  435   550    19    36   107    22   216    44    39   147    36    20
     11    63   122    27   105    23    16    30    74    19    45     5
     18     4    35    11]
 [  381 15394   471   278  1437   840   861   589  1337  1822  1077   472
    422   699    87   484  2592   240   314  1138  1048    51   372    69
    387    86   222   102]
 [   10   344  1581    24    21    39    16    25   360    58    21    25
     73    37     3   104    98     7    11    32    17     3     7     1
     41     5     4     0]
 [   14   229    26  3110    19    41    26     5   266    39    10    41
     44    47    43    90    78     1    12    18    13     2     3    10
     15    17     1     1]
 [   76  1409    29    20   847    96   225    97   117   425   172    54
     19    95    30    41   321    44    39    69   198     8    79     3
     34     5    37    17]
 [   16   630    38    36    50  1747    42    36   181   152    39    25
     40    32     6   267   135    15    38    44    56     0    25     4
     27     1    22     0]
 [  140   804    34    21   193    68   363    50    61   235    57    41
     23    59    29    29   185    37    26    60   132    12    82     3
     34     7    15    22]
 [   29   966    32    17   153    79    95   208   108   196    90    51
     41    56    26    36   290    35    47    70    67     4    33     4
     28     8    26     6]
 [   16  1126   272   224    66   129    36    48  2965   124    43    91
    145    72     6   196   424     9    72    85    43     3    40    31
     44     9    19     9]
 [   51  1403    44    43   321   149   225    66   130   825   113    46
     39   107    14    51   325    64    49   108   517     5   166    10
     31    10    45    20]
 [   18   935    30    15   135    69    66    55    77   156   642    22
     21    33     9    13   160    15    42   325    72     0    22     2
     21     2    18     9]
 [   19   736    40    62    78    44    48    29   162    97    56   613
     40    97    11    56   242    16    13    43    32     3    12    11
    134     7    11     3]
 [    6   440    47    36    27    71    29    25   198    56    22    39
    321    24     3   112    98     5    67    81    38     1     8     6
     38     6     6     7]
 [   35   579    46    52    70    25    43    26    86    90    29    83
     15   444    13    43   208    22    10    25    48     3    15     7
     40    10    16    15]
 [   76   154     7    56    34    13    47    16     7    32    15     3
      4    47   282     2    29    24     2     9    12    16     4     2
      6     0     4     2]
 [    7   454   154    76    32   310    32    24   264    55    18    37
    144    59     7   623   144     6    25    31    25     1    12    22
     26    22     9     5]
 [   48  2339   125    73   234   126   151   128   518   389   126   142
    112   163    22   126  1308    51    49   130   122     6    57    29
     93    26    31    25]
 [   25   200     6     6    42    25    42    11    28    90    28     6
      4    11    21     7    47   114    10    19    31     2    43     1
      5     1    10     6]
 [   10   530    20     6    63    62    49    58   132    95    71    25
    107    15     4    41   129    19   425   115    53     2    19     0
     18     2    24     5]
 [   21  1141    37    23    74    59    39    36    91   169   353    27
     72    40    12    28   137     6    62   990    65     3    19     1
     28     5    15     5]
 [   43   812    19    11   137    60    68    29    68   380    56    20
     28    41     6    11   125    26    30    74   861    12   108     5
     12     1    26     5]
 [   21    57     1     3     3     6    12     3     3    12     7     4
      0     3     7     1    11     2     2     4     9    14     2     1
      4     3     6     2]
 [   31   393     9     6    86    36    69    20    46   235    36    15
     11    15     7     6    78    38    13    19   184     5   323     4
     11     2    40    10]
 [    3   139     5     5     9     8     6     4    71     8     5    17
     10     5     0    16    37     1     3     6     5     2     1    24
      2     3     2     0]
 [   14   365    30    15    34    21    24    17    51    51    12    67
     24    35     6    23    99     4     1    31    31     1     4     2
    284     2     6     6]
 [    5   125     6    33    17     7    14     2    38    14    11     9
      8    27     1    48    46     1     8     4     6     1     2     4
      5    40     0     0]
 [   21   251     6     5    35    23    41    19    19    66    19    11
      2    27     4     4    43    15     5    18    35     6    39     0
      4     1   311    21]
 [   22   135     2     5    20    10    43     9    10    34     9     9
      7    21     4     6    35     7     9     8    10     2     6     0
      4     3    26    35]]
Evaluation Metrics:
                precision    recall  f1-score   support

    admiration       0.40      0.47      0.43      6347
     amusement       0.42      0.47      0.44      3704
         anger       0.23      0.28      0.25      3074
     annoyance       0.14      0.17      0.15      4977
      approval       0.17      0.19      0.18      6749
        caring       0.19      0.21      0.20      2098
     confusion       0.20      0.22      0.21      2984
     curiosity       0.28      0.28      0.28      3558
        desire       0.20      0.23      0.21      1260
disappointment       0.12      0.13      0.13      2822
   disapproval       0.19      0.18      0.19      4606
       disgust       0.21      0.18      0.20      1748
 embarrassment       0.13      0.14      0.14       841
    excitement       0.18      0.18      0.18      1817
          fear       0.32      0.30      0.31      1051
     gratitude       0.72      0.74      0.73      4221
         grief       0.07      0.07      0.07       203
           joy       0.25      0.24      0.24      2624
          love       0.50      0.53      0.52      2967
   nervousness       0.10      0.07      0.08       491
       neutral       0.47      0.46      0.47     33272
      optimism       0.30      0.23      0.26      2715
         pride       0.09      0.06      0.07       397
   realization       0.12      0.07      0.09      2801
        relief       0.14      0.08      0.10       482
       remorse       0.36      0.31      0.33       905
       sadness       0.27      0.19      0.22      2279
      surprise       0.30      0.20      0.24      2099

      accuracy                           0.34    103092
     macro avg       0.25      0.25      0.25    103092
  weighted avg       0.34      0.34      0.34    103092
Model: Base-DTC
Classification: Sentiments
Hyperparameter: {'criterion': 'gini', 'max_depth': 'None', 'min_samples_split': '2'}
Confusion matrix:
 [[11994  5842  2902  2259]
 [ 7185 15545  6373  4169]
 [ 4108  8360 20474  2439]
 [ 2000  3456  1686  4300]]
Evaluation Metrics:
              precision    recall  f1-score   support

   ambiguous       0.33      0.38      0.35     11442
    negative       0.47      0.52      0.50     22997
     neutral       0.47      0.47      0.47     33272
    positive       0.65      0.58      0.61     35381

    accuracy                           0.51    103092
   macro avg       0.48      0.49      0.48    103092
weighted avg       0.52      0.51      0.51    103092
Model: Base-MLP
Classification: Emotions
Hyperparameter: {'activation': 'relu', 'solver': 'adam', 'hidden_layer_sizes': '100'}
Confusion matrix:
 [[  522   886    11    20    79    24   111    32    17    66    16    28
      3    40   186    16    59    13    12    13    43     4    25     4
     14     3    26     6]
 [  323 21851   355   226  1002   620   457   483   909  1015   475   494
    173   408    95   303  1623   126   292   649   630    13   237    32
    262    31   155    33]
 [   12   647  1698    19    15    30    10    15   227    25     2    22
     15    25     2    68    64     0    11    10    13     2     0     0
     30     3     2     0]
 [   10   308    24  3180    19    29     8     6   240    29     5    60
     12    29    58    90    62     0     7    12     7     1     3     4
      6    11     1     0]
 [   68  2424    18    18   685    89   114    83    61   257    79    56
      7    39    31    20   228    24    33    37   110     2    57     1
     28     1    29     7]
 [   21   905    33    33    40  1949    14    32    94   122    16    34
     31    16     3   121    91    16    40    24    29     0    16     1
     16     2     5     0]
 [  157  1340    14    18   115    41   297    42    42   165    29    39
      6    35    38    12   138    28    39    37    76     2    45     2
     31     4    22     8]
 [   35  1591    21    13    81    46    40   235    70    90    47    57
     14    30    25    18   189    12    63    32    40     1    12     0
     12     3    22     2]
 [   17  1693   208   183    39    95    25    46  3049    59    20    95
     80    43     2   151   287     6   105    42    26     3    14    13
     29     4    12     1]
 [   58  2434    23    42   225   119   133    71    93   654    66    44
     22    62    24    22   188    44    46    69   360     1   121     2
     20     5    25     4]
 [   11  1590    17    16    94    65    47    63    43    89   405    26
     10    19    10    14   113     6    36   222    43     0    19     1
      7     0    16     2]
 [   18  1067    30    47    50    36    29    18   124    36    20   791
     13    67     9    45   145     4    18    15    19     3     5     0
     98     5     2     1]
 [    5   765    36    35    11    54    14    21   192    29     8    43
    213    14     1   125    61     1    94    34    26     1     4     1
     21     1     3     4]
 [   40   936    31    51    49    14    21    18    64    52    14   129
      4   379    28    39   112     6     6    18    29     0     5     3
     24     6    10    10]
 [   63   211     4    27    20     8    28    17     8    15     3     5
      1    20   415     4    19     8     2     4    10     0     3     0
      7     0     2     1]
 [    4   750   159    99    25   323    11    25   205    31     8    46
     54    26     3   629   106    10    20    18    13     0     8     6
     23    14     6     2]
 [   51  3619    90    61   174   104    80   101   404   185    63   147
     48   112    26    68  1072    19    46    59    61     1    32    11
     65    14    29     7]
 [   19   334     4     6    32    23    22    13     9    79     6     5
      2     4    32     4    19   133    15     8    21     1    37     1
      5     1     6     0]
 [   11   885    11     7    40    44    22    60    91    56    28    20
     36    10     0    15    68    10   524    67    47     1    13     2
      9     3    18     1]
 [    9  1958    25    14    36    41    26    25    67    97   148    26
     44    22    19    18   112     8    74   723    26     0    13     0
     14     2     8     3]
 [   33  1222    13    10   100    42    45    22    40   367    26    16
     12    24     8    10    66     9    28    35   818     3    85     4
     12     0    23     1]
 [   34    93     0     3     1     3     6     2     4     8     1     2
      0     4     7     4     6     3     2     1     5     3     0     1
      4     1     3     2]
 [   32   633     4     5    62    30    45    21    30   168    19    15
      2     7     9     2    64    29    17    15   145     4   336     4
     13     1    36     0]
 [    2   189     2     6     6     5     2     3    66     6     0    15
      2     3     1    17    25     0     3     4     8     1     2    22
      4     3     0     0]
 [   11   533    27    16    12    15     9    12    37    28     7    84
      8    17     1    24    58     3     7     9     5     0     3     3
    322     1     5     3]
 [    6   236     3    44     2     6     8     4    22     6     4    12
      1    21     0    37    31     0     3     2     7     1     0     0
      3    18     3     2]
 [   20   382     3     0    23    21    30    12    15    35     8    10
      1    14     4     3    25    11    10    10    21     3    22     1
      3     1   347    16]
 [   20   211     0     3    14     6    34     5     9    28     6     6
      4    21     6     1    28     4     6     2     8     1     2     0
      1     3    19    43]]
Evaluation Metrics:
                precision    recall  f1-score   support

    admiration       0.49      0.48      0.48      6347
     amusement       0.50      0.53      0.51      3704
         anger       0.31      0.27      0.29      3074
     annoyance       0.17      0.13      0.15      4977
      approval       0.21      0.16      0.18      6749
        caring       0.25      0.18      0.21      2098
     confusion       0.26      0.14      0.18      2984
     curiosity       0.33      0.20      0.25      3558
        desire       0.30      0.26      0.27      1260
disappointment       0.18      0.11      0.13      2822
   disapproval       0.22      0.15      0.18      4606
       disgust       0.30      0.19      0.23      1748
 embarrassment       0.25      0.16      0.19       841
    excitement       0.26      0.12      0.16      1817
          fear       0.42      0.33      0.37      1051
     gratitude       0.76      0.75      0.76      4221
         grief       0.06      0.01      0.02       203
           joy       0.33      0.24      0.28      2624
          love       0.59      0.57      0.58      2967
   nervousness       0.27      0.09      0.13       491
       neutral       0.44      0.66      0.53     33272
      optimism       0.34      0.29      0.31      2715
         pride       0.18      0.06      0.09       397
   realization       0.16      0.08      0.11      2801
        relief       0.13      0.04      0.06       482
       remorse       0.40      0.46      0.43       905
       sadness       0.32      0.23      0.27      2279
      surprise       0.34      0.25      0.29      2099

      accuracy                           0.40    103092
     macro avg       0.31      0.25      0.27    103092
  weighted avg       0.37      0.40      0.37    103092
Model: Base-MLP
Classification: Sentiments
Hyperparameter: {'activation': 'relu', 'solver': 'adam', 'hidden_layer_sizes': '100'}
Confusion matrix:
 [[12143  6416  3057  1381]
 [ 6245 17059  7213  2755]
 [ 3263  7566 23104  1448]
 [ 1935  4199  1950  3358]]
Evaluation Metrics:
              precision    recall  f1-score   support

   ambiguous       0.38      0.29      0.33     11442
    negative       0.51      0.53      0.52     22997
     neutral       0.48      0.51      0.50     33272
    positive       0.65      0.65      0.65     35381

    accuracy                           0.54    103092
   macro avg       0.51      0.50      0.50    103092
weighted avg       0.54      0.54      0.54    103092
Model: Top-MNB
Classification: Emotions
Hyperparameter: {'alpha': 0.5}
Confusion matrix:
 [[  247  1648     7    37    50    15    48    11    27    47     5    14
      0    10    25     6    41     3     5     8    15     0     6     0
      2     0     2     0]
 [  150 26669   240   269   638   372   178   206   940   636   221   204
     85   177    14   196  1089    16   115   346   321     1    96     7
     35     5    45     1]
 [    3  1420  1064    19    13    20     5     6   301    14     1     7
      0     8     1    31    42     0     3     7     1     0     0     0
      1     0     0     0]
 [    4   937    17  2852    11    17     2     8   223    14     1    21
      4    17     5    41    37     0     3     5     0     0     0     0
      2     0     0     0]
 [   27  3494     7    15   386    44    42    36    58   172    34    11
      2    12     3     8   174     0     7    15    36     0    19     0
      0     0     3     1]
 [    3  2096    14    28    34  1130     9    13   107    74     4     6
     11     3     0    56    64     4    17     7    21     0     0     0
      3     0     0     0]
 [   63  2176    10    11    70    18   106    17    56    81     6    15
      4    13     3     9    91     1    11    16    24     0    13     0
      4     0     3     1]
 [    8  2229    14    15    50    23    17    97    73    57    11    18
      2    10     2    14   102     4    22    17     9     0     4     0
      1     0     2     0]
 [    4  2754   153   157    17    52     9    11  2788    32     5    33
     17    10     0    59   161     0    41    28    12     0     2     0
      1     0     1     0]
 [   22  3680    14    36   136    61    42    17    84   412    25    19
      5    23     1     6   136     5    21    32   157     0    33     0
      3     0     7     0]
 [    4  2353     4    14    55    29     9    23    37    59   191     6
      4     1     0     2    77     0     6    94    12     0     2     0
      0     0     2     0]
 [    3  1890    12    52    26    15     5     6   122    19     7   365
      6    34     0    17    99     1     3    10     6     0     2     0
     13     0     2     0]
 [    4  1147    26    33    12    26     5     8   203    21     3    23
     61     6     0   112    40     1    38    29    11     0     0     0
      6     0     1     1]
 [   10  1562    12    63    32     5     5     9    50    21     3    68
      1   165     3    13    56     0     0     4    11     0     1     0
      3     1     0     0]
 [   48   628     3    65    14     3    14     8     8    11     2     4
      0     6    63     2    13     1     1     0     5     0     2     1
      2     0     1     0]
 [    3  1510    91   103    12   194     3    13   230    16     3    12
     15     9     1   322    70     0     5     3     4     0     1     0
      2     0     1     1]
 [   24  4971    47    55   111    55    22    44   334   121    33    54
     16    39     3    23   693     0    19    30    24     0    11     0
      9     1     9     1]
 [   10   634     3     6    23    14    10     5    13    50     7     3
      0     1     1     1    25    19     4     3     4     0     2     1
      1     0     1     0]
 [    3  1485     6    10    29    25     5    26   105    42    16     7
     17     4     0    14    46     1   178    47    28     0     0     0
      2     1     2     0]
 [    4  2763     9    24    34    16    10    10    63    57    57     8
     10     6     1     4    82     0    16   371    11     0     0     0
      1     0     1     0]
 [   11  2079    14    12    58    29    14     9    44   249     5     3
      4     9     1     7    47     1    15    21   414     0    24     0
      1     0     3     0]
 [   21   147     1     4     2     3     2     1     4     5     1     3
      0     3     0     1     1     0     1     1     1     0     0     0
      0     1     0     0]
 [    6  1144     4     2    52    14    13     6    40   131     9     9
      0     2     0     1    64     6     9     5    68     1   153     0
      0     0     9     0]
 [    0   264     3     7     6     2     1     3    73     1     0     6
      1     1     0     7    17     0     0     3     2     0     0     0
      0     0     0     0]
 [    1   969    11    15    10    12     3     5    37    11     1    53
      1     6     0    13    38     1     2     3     2     0     2     0
     63     0     1     0]
 [    3   357     1    33     2     3     1     1    30     1     1     4
      1     9     0     5    20     0     1     2     5     0     0     0
      0     2     0     0]
 [   15   806     1     1    12    15    13     4    27    21     8     8
      2     6     0     4    22     1    11     9     4     0    10     0
      0     0    50     1]
 [    7   377     2     3    10     5     9     1     7    16     1     2
      3    12     1     0    23     0     2     1     3     1     0     0
      1     0     3     1]]
Evaluation Metrics:
                precision    recall  f1-score   support

    admiration       0.46      0.44      0.45      6347
     amusement       0.51      0.31      0.38      3704
         anger       0.34      0.13      0.19      3074
     annoyance       0.17      0.08      0.11      4977
      approval       0.21      0.10      0.14      6749
        caring       0.27      0.08      0.12      2098
     confusion       0.29      0.06      0.10      2984
     curiosity       0.33      0.10      0.16      3558
        desire       0.40      0.05      0.09      1260
disappointment       0.18      0.04      0.06      2822
   disapproval       0.20      0.08      0.12      4606
       disgust       0.40      0.09      0.14      1748
 embarrassment       0.29      0.02      0.04       841
    excitement       0.22      0.03      0.06      1817
          fear       0.34      0.05      0.08      1051
     gratitude       0.72      0.68      0.70      4221
         grief       0.00      0.00      0.00       203
           joy       0.33      0.12      0.18      2624
          love       0.59      0.36      0.45      2967
   nervousness       0.12      0.00      0.00       491
       neutral       0.37      0.80      0.51     33272
      optimism       0.37      0.13      0.20      2715
         pride       0.00      0.00      0.00       397
   realization       0.16      0.03      0.06      2801
        relief       0.18      0.00      0.01       482
       remorse       0.49      0.07      0.12       905
       sadness       0.35      0.11      0.17      2279
      surprise       0.32      0.08      0.13      2099

      accuracy                           0.38    103092
     macro avg       0.31      0.15      0.17    103092
  weighted avg       0.35      0.38      0.31    103092
Model: Top-MNB
Classification: Sentiments
Hyperparameter: {'alpha': 0.5}
Confusion matrix:
 [[11059  7004  4379   555]
 [ 5646 16443  9951  1232]
 [ 2715  7036 24999   631]
 [ 1861  4845  2962  1774]]
Evaluation Metrics:
              precision    recall  f1-score   support

   ambiguous       0.42      0.16      0.23     11442
    negative       0.52      0.48      0.50     22997
     neutral       0.47      0.49      0.48     33272
    positive       0.59      0.71      0.64     35381

    accuracy                           0.53    103092
   macro avg       0.50      0.46      0.46    103092
weighted avg       0.52      0.53      0.51    103092
Model: Top-DT
Classification: Emotions
Hyperparameter: {'criterion': 'gini', 'max_depth': 100, 'min_samples_split': 10}
Confusion matrix:
 [[  314  1217    16    24    52    26    91    16    30   106    16    21
      1    24   128    11    56    10     9    14    36     2    25     2
     16     3    11     2]
 [  130 25085   346   182   627   703   334   208   803   839   411   274
    150   320    63   217   929    60   149   401   527     5   180    19
    168    27    83    32]
 [    6   777  1533    16    19    45    14     6   239    32    10    25
     44    26     2    61    56     6     7     8    13     2     1     0
     14     3     2     0]
 [   14   430    24  3066    16    39    13     2   217    32    12    46
     25    33    48    80    57     2     8    14     9     1     1     6
      8    18     0     0]
 [   31  2914    31    21   383    92    94    46    79   237    88    34
     11    55    26    23   148    13    31    32   113     0    56     1
     23     2    16     6]
 [   10  1033    32    29    26  1844    26    20   110    99    28    23
     25    24     4   136    89     8    34    14    43     0    15     1
     19     1    11     0]
 [   77  1717    18    16   108    59   160    19    72   143    17    24
      9    35    22    16    97    11    19    24    73     2    47     0
     15     3    10     9]
 [   16  1910    24    13    70    56    32    84    73    97    40    18
     19    23    16    25   102     8    49    32    37     0    24     1
     10     6    15     1]
 [   12  2263   222   136    52   118    35    22  2513    93    23    75
     87    49     4   150   245     3    87    43    45     1    17    14
     20    10     7     1]
 [   23  3119    29    46   165   127    97    38    81   419    52    28
     18    52    10    16   152    17    27    40   282     2    97     0
     12     5    21     2]
 [    5  1852    20     9    87    56    36    28    64   114   346     6
     12    22     8    10    82     5    25    95    60     0    14     1
      9     3     9     6]
 [   18  1332    34    39    32    44    19    16   128    44    25   570
     18    79     1    37   132    10     7    24    22     0     7     0
     73     3     0     1]
 [    3   912    35    21    19    50    18     7   164    50    16    20
    206    14     1    90    40     1    71    36    18     0     5     0
     14     3     3     0]
 [   22  1191    36    35    34    26    25    16    61    57    12    72
      9   228    12    35   108     8     5    23    32     0     7     5
     17     5     3    14]
 [   71   276     4    54    16    11    32     8    12    10     7     4
      4    22   296     2    24    15     3     3    17     3     4     0
      4     0     0     3]
 [    5   918   145    57    15   293    13    10   220    41    16    29
     88    35     3   530    82     3    13    13    24     2     8    14
     19    24     3     1]
 [   18  4527    87    46   101   107    57    52   357   194    52    76
     37    78    12    64   628    12    17    49    64     0    25     5
     39    19    13    13]
 [    9   485     5     4    20    17    25     8    21    53    18     1
      4     8    14     4    29    45     4    10    18     0    25     1
      3     2     4     4]
 [    4  1084     9    10    37    50    22    22   120    64    20    10
     50     3     0    16    60     6   372    59    36     0    10     0
     17     1    15     2]
 [    3  2356    22    20    40    54    18    11    88    94   114    15
     31    21    13    13    70     4    46   448    42     0     7     1
     13     1    10     3]
 [   10  1680    11    12    72    58    33    17    48   253    25    13
      9    27     5     5    60     7    16    28   573     0    79     3
     10     3    17     0]
 [    9   138     1     3     3     8     4     0     1     7     3     0
      1     2     5     1     8     0     0     1     2     2     0     1
      1     0     1     1]
 [    9   892     7     6    33    32    41    12    36   133    16    10
      5    16     5     5    49    17     8    10   108     0   259     1
      8     0    30     0]
 [    2   251     2     3     3     4     3     1    52     5     3     9
      6     1     1    14    11     0     1     2     4     1     1    14
      3     0     0     0]
 [    8   659    29    14    16    15    22     4    36    31     9    66
     13    13     1    10    40     4     1    19    20     0     3     0
    219     3     3     2]
 [    5   239     3    32     4     5     9     2    25     6     4    11
      0    20     0    39    34     1     2     2     7     1     4     2
      3    21     1     0]
 [    3   556     6     3    13    28    14     6    19    42     9     8
      3    12     0     1    22     3     1     5    19     1    21     0
      8     1   234    13]
 [    6   315     1     5    10     2    20     3    11    18     5     6
      3    10     4     2    16     1     4     2    10     1     4     0
      0     0    10    22]]
Evaluation Metrics:
                precision    recall  f1-score   support

    admiration       0.44      0.40      0.42      6347
     amusement       0.46      0.50      0.48      3704
         anger       0.25      0.19      0.22      3074
     annoyance       0.13      0.08      0.10      4977
      approval       0.18      0.09      0.12      6749
        caring       0.18      0.11      0.14      2098
     confusion       0.25      0.12      0.16      2984
     curiosity       0.31      0.13      0.18      3558
        desire       0.29      0.17      0.22      1260
disappointment       0.12      0.06      0.08      2822
   disapproval       0.18      0.08      0.11      4606
       disgust       0.27      0.15      0.19      1748
 embarrassment       0.16      0.05      0.08       841
    excitement       0.23      0.11      0.15      1817
          fear       0.44      0.22      0.30      1051
     gratitude       0.78      0.73      0.75      4221
         grief       0.08      0.01      0.02       203
           joy       0.33      0.20      0.25      2624
          love       0.56      0.52      0.54      2967
   nervousness       0.16      0.04      0.07       491
       neutral       0.42      0.75      0.54     33272
      optimism       0.38      0.21      0.27      2715
         pride       0.15      0.04      0.06       397
   realization       0.12      0.03      0.05      2801
        relief       0.13      0.04      0.06       482
       remorse       0.42      0.33      0.37       905
       sadness       0.37      0.14      0.20      2279
      surprise       0.37      0.18      0.24      2099

      accuracy                           0.39    103092
     macro avg       0.29      0.20      0.23    103092
  weighted avg       0.35      0.39      0.34    103092
Model: Top-DT
Classification: Sentiments
Hyperparameter: {'criterion': 'gini', 'max_depth': 700, 'min_samples_split': 2}
Confusion matrix:
 [[11968  5891  2892  2246]
 [ 7116 15833  6228  4095]
 [ 4103  8503 20353  2422]
 [ 2002  3495  1685  4260]]
Evaluation Metrics:
              precision    recall  f1-score   support

   ambiguous       0.33      0.37      0.35     11442
    negative       0.48      0.52      0.50     22997
     neutral       0.47      0.48      0.47     33272
    positive       0.65      0.58      0.61     35381

    accuracy                           0.51    103092
   macro avg       0.48      0.49      0.48    103092
weighted avg       0.52      0.51      0.51    103092
Model: Top-MLP
Classification: Emotions
Hyperparameter: {'activation': 'relu', 'hidden_layer_sizes': (30, 50), 'solver': 'adam'}
Confusion matrix:
 [[  627   850    14     9    98    25   107    17    22    73    16    35
      1    26   165    23    38     6    17     6    40     0    26     0
     10     0    27     1]
 [  462 21812   424   233  1160   663   442   443  1020   960   531   574
    138   318    85   443  1303    40   431   599   613     0   205     0
    184     0   174    15]
 [   12   601  1773    16    11    35    11     8   230    10     5    16
     10    13     7    83    61     0    10     8    14     0     2     0
     23     0     8     0]
 [   19   292    26  3162    17    35     4     6   253    29    12    58
     10    34    50   121    54     0    15     9     8     0     2     0
      3     0     2     0]
 [   87  2380    27    18   751    92   109    80    65   240   105    74
      5    26    30    24   202    12    45    32    99     0    48     0
     15     0    36     4]
 [   13   855    40    34    59  2036    22    22   102   103    21    25
     23    11     3   129    57    11    61    25    27     0    11     0
      9     0     5     0]
 [  194  1311    21    19   129    47   294    44    50   163    44    48
      6    33    27    21   104    11    50    37    74     0    44     0
     21     0    27     3]
 [   48  1561    28    13   125    53    51   208    77    96    40    65
      9    26    25    27   146     4    90    34    35     0    11     0
      7     0    21     1]
 [   28  1600   259   192    50   114    24    34  3118    54    11    98
     69    34     4   196   198     4   146    37    26     0    11     0
     23     1    15     1]
 [   76  2441    24    38   259   125   113    64   103   653    67    55
     19    43    20    39   153    22    63    71   360     0   118     0
     16     0    34     1]
 [   22  1630    19    14   108    63    50    46    42    75   426    33
      9    11     8    15    87     2    56   198    38     0    14     0
      4     0    13     1]
 [   29  1027    38    49    64    29    38    19   133    38    20   824
     11    46     7    59   122     1    29    17    14     0     6     0
     87     0     8     0]
 [    6   736    47    31    13    59    11    12   190    31     8    43
    200     6     2   150    44     0   138    38    21     0     6     0
     18     0     3     4]
 [   68   973    36    45    63    17    25    19    71    71    14   133
      3   276    28    53   108     1    11    17    20     0     8     0
     23     0    13     2]
 [  124   211     5    23    20     9    21    12     5    16    11     8
      2    21   367     6     6     4     4     5     9     0     8     0
      6     0     2     0]
 [    6   690   169    91    30   344    13    22   220    36     6    49
     29    26     7   715    78     2    31    20     6     0     7     0
     16     0     6     5]
 [   68  3669   109    62   243   115    74    86   425   184    79   167
     39    88    23   124   873     7    82    60    60     0    32     0
     43     0    33     4]
 [   29   347     8     4    50    28    20    15    13    94    10     4
      3     4    24     4    15    81    16     8    13     0    38     0
      2     0    11     0]
 [   24   827    11    10    40    49    23    38    98    53    40    25
     34     5     1    26    44     1   630    52    38     0    11     0
      3     0    15     1]
 [   17  2013    32    16    56    48    17    29    81    82   182    28
     39    10    15    27    86     6   107   600    34     0    10     0
     12     0    10     1]
 [   48  1252    14     9   103    45    41    22    42   362    18    14
      8    21     8    17    63     5    32    51   788     0    83     0
      9     0    19     0]
 [   42    95     0     3     4     1     6     2     4     9     2     3
      0     4     7     6     1     1     1     0     3     0     1     0
      4     0     4     0]
 [   39   654     7     5    83    35    43    13    25   157    18    17
      0     3     6     2    45    16    27    13   131     0   355     0
      5     0    49     0]
 [    2   197     2     8     8     8     4     4    78     6     1    13
      1     4     1    25    15     0     7     3     5     0     2     0
      3     0     0     0]
 [   13   543    36    13    16    17     8    12    44    13     8   107
      5    19     1    33    42     1    12    10    10     0     6     0
    283     0     8     0]
 [   12   220     5    49    10     6     7     2    28     6     3    15
      0    23     0    56    18     0    10     2     6     0     0     0
      0     1     3     0]
 [   22   385     5     0    32    19    25    12    13    33     5    14
      0    12     3     2    21     4    13     9    18     0    26     0
      3     0   370     5]
 [   30   208     0     3    18     8    47     8     9    25     6    12
      3    15     6     9    19     1     8     2     8     0     3     0
      1     0    23    19]]
Evaluation Metrics:
                precision    recall  f1-score   support

    admiration       0.48      0.49      0.48      6347
     amusement       0.49      0.55      0.52      3704
         anger       0.31      0.26      0.28      3074
     annoyance       0.18      0.13      0.15      4977
      approval       0.22      0.13      0.16      6749
        caring       0.24      0.13      0.17      2098
     confusion       0.25      0.14      0.18      2984
     curiosity       0.31      0.17      0.22      3558
        desire       0.34      0.22      0.27      1260
disappointment       0.18      0.10      0.13      2822
   disapproval       0.21      0.16      0.18      4606
       disgust       0.32      0.20      0.25      1748
 embarrassment       0.33      0.10      0.15       841
    excitement       0.30      0.11      0.16      1817
          fear       0.39      0.35      0.37      1051
     gratitude       0.76      0.75      0.75      4221
         grief       0.00      0.00      0.00       203
           joy       0.29      0.27      0.28      2624
          love       0.56      0.60      0.58      2967
   nervousness       0.28      0.04      0.07       491
       neutral       0.44      0.66      0.53     33272
      optimism       0.32      0.30      0.31      2715
         pride       0.00      0.00      0.00       397
   realization       0.16      0.07      0.10      2801
        relief       0.50      0.00      0.00       482
       remorse       0.39      0.41      0.40       905
       sadness       0.29      0.28      0.28      2279
      surprise       0.29      0.30      0.30      2099

      accuracy                           0.40    103092
     macro avg       0.32      0.25      0.26    103092
  weighted avg       0.37      0.40      0.37    103092
Model: Top-MLP
Classification: Sentiments
Hyperparameter: {'activation': 'logistic', 'hidden_layer_sizes': (30, 50), 'solver': 'adam'}
Confusion matrix:
 [[    0 21420     0     0]
 [    0 30616     0     0]
 [    0 18568     0     0]
 [    0 10673     0     0]]
Evaluation Metrics:
              precision    recall  f1-score   support

  admiration       0.00      0.00      0.00         0
   ambiguous       0.00      0.00      0.00     11442
   amusement       0.00      0.00      0.00         0
       anger       0.00      0.00      0.00         0
   annoyance       0.00      0.00      0.00         0
    approval       0.00      0.00      0.00         0
 disapproval       0.00      0.00      0.00         0
   gratitude       0.00      0.00      0.00         0
         joy       0.00      0.00      0.00         0
        love       0.00      0.00      0.00         0
    negative       0.00      0.00      0.00     22997
     neutral       0.38      0.92      0.53     33272
    positive       0.00      0.00      0.00     35381
     sadness       0.00      0.00      0.00         0

    accuracy                           0.30    103092
   macro avg       0.03      0.07      0.04    103092
weighted avg       0.12      0.30      0.17    103092
