Model: Base-MNB
Classification: Emotions
Hyperparameter: {'alpha': 1.0}
Confusion matrix:
 [[   92  1293     5    13    15    12    17     3     7    20     3     2
      0     6     6     6    22     0     2     1     4     0     2     0
      0     0     1     0]
 [   30 19457   112   118   251   178    62    67   520   249    74    61
     39    73     8    82   467     4    43   106   118     1    41     0
     18     1     7     0]
 [    1  1214   576     6     3    14     0     0   126     1     0     1
      1     1     0    16    22     0     2     3     1     0     0     0
      0     0     0     0]
 [    2   866     3  1767     4    15     3     1   152     1     0    19
      0     9     2    38    18     0     0     1     0     0     0     0
      0     0     0     0]
 [    5  2668     6     5   179    17    10     5    32    57    13     5
      0     6     0     5    72     2     2     2    23     0     8     0
      0     0     1     0]
 [    0  1666    14    16     5   566     2     2    71    19     2     7
      1     0     0    19    13     0    10     2     3     0     0     0
      0     0     0     0]
 [   21  1592     2     6    19     4    50     1    30    35     1     5
      1     6     2     0    31     1     5     2     6     0     5     0
      3     0     0     1]
 [    0  1667     5     2    25     4     6    40    28    21     4     5
      0     2     0     4    48     1     7     3     3     0     1     0
      0     0     0     0]
 [    3  2182    73    80     8    20     2     0  1656    12     0    17
      1     2     0    16    72     0    15    10     2     0     2     0
      0     0     0     0]
 [    8  2797     2    22    47    30     7     6    51   190     9     7
      2     5     1     2    51     0     8     8    57     0    19     0
      2     0     0     0]
 [    0  1716     4     6    19     8     8     6    16    17    78     3
      1     1     0     0    27     0     1    44     2     0     1     0
      1     0     0     0]
 [    3  1382     4    16     8     5     0     2    70     7     1   182
      0    12     0     9    38     0     0     1     2     0     1     0
      1     0     1     0]
 [    1   881    13    19     3    17     2     2   113    12     1     3
     35     1     0    69    24     0    20     7     5     0     1     0
      0     0     0     0]
 [    3  1180     7    27    11     1     1     2    18     6     2    28
      0    59     1     6    21     0     0     3     2     0     0     0
      0     0     0     0]
 [   29   515     1    28     2     2     1     1     4     4     1     0
      0     1    21     0     5     0     0     0     3     0     1     0
      0     0     0     0]
 [    2  1174    43    50     1    78     1     1   137     6     1     7
      3     2     0   163    41     0     2     2     4     0     0     0
      0     0     0     0]
 [    5  3753    25    24    51    24     4    11   189    32    14    20
      1     9     1     7   357     0     4    14     4     0     3     0
      2     0     0     0]
 [    2   531     0     2     8     3     2     2     9    16     1     2
      0     0     2     0     7     4     1     1     6     0     1     0
      0     0     0     0]
 [    2  1121     2     9     8     7     1     6    67    19     4     1
      3     4     0     7    12     0    77    20     9     0     2     0
      0     0     0     0]
 [    0  2034     6     9    12    10     2     7    27    15    20     2
      2     5     0     2    22     0     5   175     2     0     0     0
      2     0     0     0]
 [    5  1670     8    11    20     5     4     3    24   125     2     3
      0     5     0     1    10     0     3     9   206     0     9     0
      0     0     0     0]
 [    7   123     0     2     0     0     0     0     2     3     0     0
      0     0     0     0     2     0     0     0     1     0     0     0
      0     0     0     0]
 [    2   905     0     3    20     1     6     1    12    46     2     2
      0     2     2     1    19     0     1     3    25     0    63     0
      0     0     1     0]
 [    0   212     1     3     1     1     2     0    36     0     0     1
      1     1     0     4     6     0     0     1     2     0     0     0
      0     0     0     0]
 [    0   747     6     6     1     7     0     0    16     4     2    21
      0     2     0     0    23     0     2     2     1     0     0     0
     20     0     1     0]
 [    0   248     0    13     2     1     1     0    13     2     0     1
      0     4     0     6    10     0     0     0     1     0     0     0
      0     0     0     0]
 [    1   626     1     1     3     5     5     4    17    10     1     2
      1     2     0     0    11     0     2     1     0     0     6     0
      0     0    14     0]
 [    1   268     0     4     3     1     1     2     1     5     1     0
      1     1     0     0     6     0     2     1     1     0     0     0
      0     0     0     1]]
Evaluation Metrics:
                precision    recall  f1-score   support

    admiration       0.48      0.40      0.43      4173
     amusement       0.55      0.23      0.33      2418
         anger       0.42      0.10      0.16      2123
     annoyance       0.20      0.06      0.09      3331
      approval       0.25      0.08      0.12      4554
        caring       0.27      0.04      0.07      1378
     confusion       0.33      0.04      0.07      1959
     curiosity       0.41      0.07      0.13      2359
        desire       0.41      0.02      0.04       861
disappointment       0.25      0.03      0.05      1829
   disapproval       0.25      0.06      0.09      3123
       disgust       0.38      0.06      0.10      1117
 embarrassment       0.33      0.01      0.01       600
    excitement       0.38      0.03      0.05      1229
          fear       0.54      0.02      0.04       713
     gratitude       0.78      0.61      0.68      2901
         grief       0.00      0.00      0.00       140
           joy       0.35      0.09      0.15      1718
          love       0.63      0.29      0.40      1988
   nervousness       0.50      0.00      0.01       300
       neutral       0.36      0.88      0.51     22187
      optimism       0.45      0.10      0.17      1745
         pride       0.00      0.00      0.00       272
   realization       0.23      0.02      0.04      1876
        relief       0.00      0.00      0.00       302
       remorse       0.46      0.03      0.06       619
       sadness       0.41      0.06      0.10      1532
      surprise       0.36      0.06      0.10      1381

      accuracy                           0.38     68728
     macro avg       0.36      0.12      0.14     68728
  weighted avg       0.38      0.38      0.29     68728
Model: Base-MNB
Classification: Sentiments
Hyperparameter: {'alpha': 1.0}
Confusion matrix:
 [[ 7768  4437  2696   526]
 [ 3900 10905  6286  1096]
 [ 1798  4546 16668   527]
 [ 1231  2978  1848  1518]]
Evaluation Metrics:
              precision    recall  f1-score   support

   ambiguous       0.41      0.20      0.27      7575
    negative       0.53      0.50      0.52     15427
     neutral       0.48      0.49      0.48     22187
    positive       0.61      0.71      0.65     23539

    accuracy                           0.54     68728
   macro avg       0.51      0.48      0.48     68728
weighted avg       0.53      0.54      0.53     68728
Model: Base-MNB
Classification: Emotions
Hyperparameter: {'alpha': 1.0}
Confusion matrix:
 [[   92  1293     5    13    15    12    17     3     7    20     3     2
      0     6     6     6    22     0     2     1     4     0     2     0
      0     0     1     0]
 [   30 19457   112   118   251   178    62    67   520   249    74    61
     39    73     8    82   467     4    43   106   118     1    41     0
     18     1     7     0]
 [    1  1214   576     6     3    14     0     0   126     1     0     1
      1     1     0    16    22     0     2     3     1     0     0     0
      0     0     0     0]
 [    2   866     3  1767     4    15     3     1   152     1     0    19
      0     9     2    38    18     0     0     1     0     0     0     0
      0     0     0     0]
 [    5  2668     6     5   179    17    10     5    32    57    13     5
      0     6     0     5    72     2     2     2    23     0     8     0
      0     0     1     0]
 [    0  1666    14    16     5   566     2     2    71    19     2     7
      1     0     0    19    13     0    10     2     3     0     0     0
      0     0     0     0]
 [   21  1592     2     6    19     4    50     1    30    35     1     5
      1     6     2     0    31     1     5     2     6     0     5     0
      3     0     0     1]
 [    0  1667     5     2    25     4     6    40    28    21     4     5
      0     2     0     4    48     1     7     3     3     0     1     0
      0     0     0     0]
 [    3  2182    73    80     8    20     2     0  1656    12     0    17
      1     2     0    16    72     0    15    10     2     0     2     0
      0     0     0     0]
 [    8  2797     2    22    47    30     7     6    51   190     9     7
      2     5     1     2    51     0     8     8    57     0    19     0
      2     0     0     0]
 [    0  1716     4     6    19     8     8     6    16    17    78     3
      1     1     0     0    27     0     1    44     2     0     1     0
      1     0     0     0]
 [    3  1382     4    16     8     5     0     2    70     7     1   182
      0    12     0     9    38     0     0     1     2     0     1     0
      1     0     1     0]
 [    1   881    13    19     3    17     2     2   113    12     1     3
     35     1     0    69    24     0    20     7     5     0     1     0
      0     0     0     0]
 [    3  1180     7    27    11     1     1     2    18     6     2    28
      0    59     1     6    21     0     0     3     2     0     0     0
      0     0     0     0]
 [   29   515     1    28     2     2     1     1     4     4     1     0
      0     1    21     0     5     0     0     0     3     0     1     0
      0     0     0     0]
 [    2  1174    43    50     1    78     1     1   137     6     1     7
      3     2     0   163    41     0     2     2     4     0     0     0
      0     0     0     0]
 [    5  3753    25    24    51    24     4    11   189    32    14    20
      1     9     1     7   357     0     4    14     4     0     3     0
      2     0     0     0]
 [    2   531     0     2     8     3     2     2     9    16     1     2
      0     0     2     0     7     4     1     1     6     0     1     0
      0     0     0     0]
 [    2  1121     2     9     8     7     1     6    67    19     4     1
      3     4     0     7    12     0    77    20     9     0     2     0
      0     0     0     0]
 [    0  2034     6     9    12    10     2     7    27    15    20     2
      2     5     0     2    22     0     5   175     2     0     0     0
      2     0     0     0]
 [    5  1670     8    11    20     5     4     3    24   125     2     3
      0     5     0     1    10     0     3     9   206     0     9     0
      0     0     0     0]
 [    7   123     0     2     0     0     0     0     2     3     0     0
      0     0     0     0     2     0     0     0     1     0     0     0
      0     0     0     0]
 [    2   905     0     3    20     1     6     1    12    46     2     2
      0     2     2     1    19     0     1     3    25     0    63     0
      0     0     1     0]
 [    0   212     1     3     1     1     2     0    36     0     0     1
      1     1     0     4     6     0     0     1     2     0     0     0
      0     0     0     0]
 [    0   747     6     6     1     7     0     0    16     4     2    21
      0     2     0     0    23     0     2     2     1     0     0     0
     20     0     1     0]
 [    0   248     0    13     2     1     1     0    13     2     0     1
      0     4     0     6    10     0     0     0     1     0     0     0
      0     0     0     0]
 [    1   626     1     1     3     5     5     4    17    10     1     2
      1     2     0     0    11     0     2     1     0     0     6     0
      0     0    14     0]
 [    1   268     0     4     3     1     1     2     1     5     1     0
      1     1     0     0     6     0     2     1     1     0     0     0
      0     0     0     1]]
Evaluation Metrics:
                precision    recall  f1-score   support

    admiration       0.48      0.40      0.43      4173
     amusement       0.55      0.23      0.33      2418
         anger       0.42      0.10      0.16      2123
     annoyance       0.20      0.06      0.09      3331
      approval       0.25      0.08      0.12      4554
        caring       0.27      0.04      0.07      1378
     confusion       0.33      0.04      0.07      1959
     curiosity       0.41      0.07      0.13      2359
        desire       0.41      0.02      0.04       861
disappointment       0.25      0.03      0.05      1829
   disapproval       0.25      0.06      0.09      3123
       disgust       0.38      0.06      0.10      1117
 embarrassment       0.33      0.01      0.01       600
    excitement       0.38      0.03      0.05      1229
          fear       0.54      0.02      0.04       713
     gratitude       0.78      0.61      0.68      2901
         grief       0.00      0.00      0.00       140
           joy       0.35      0.09      0.15      1718
          love       0.63      0.29      0.40      1988
   nervousness       0.50      0.00      0.01       300
       neutral       0.36      0.88      0.51     22187
      optimism       0.45      0.10      0.17      1745
         pride       0.00      0.00      0.00       272
   realization       0.23      0.02      0.04      1876
        relief       0.00      0.00      0.00       302
       remorse       0.46      0.03      0.06       619
       sadness       0.41      0.06      0.10      1532
      surprise       0.36      0.06      0.10      1381

      accuracy                           0.38     68728
     macro avg       0.36      0.12      0.14     68728
  weighted avg       0.38      0.38      0.29     68728
Model: Base-MNB
Classification: Sentiments
Hyperparameter: {'alpha': 1.0}
Confusion matrix:
 [[ 7768  4437  2696   526]
 [ 3900 10905  6286  1096]
 [ 1798  4546 16668   527]
 [ 1231  2978  1848  1518]]
Evaluation Metrics:
              precision    recall  f1-score   support

   ambiguous       0.41      0.20      0.27      7575
    negative       0.53      0.50      0.52     15427
     neutral       0.48      0.49      0.48     22187
    positive       0.61      0.71      0.65     23539

    accuracy                           0.54     68728
   macro avg       0.51      0.48      0.48     68728
weighted avg       0.53      0.54      0.53     68728
Model: Base-DTC
Classification: Emotions
Hyperparameter: {'criterion': 'gini', 'max_depth': 'None', 'min_samples_split': '2'}
Confusion matrix:
 [[ 266  349    9   15   82   36  168   22   21  109   32    6   11   45
    66   14   90   19    5   21   49   13   21    2   18    4   22   17]
 [ 184 9785  264  163 1036  617  589  300 1059 1311  769  263  287  482
    49  325 2033  126  178  703  784   37  285   29  289   22  130   88]
 [   4  218 1047   15   16   45   10    3  220   35   17   16   33   30
     1  106  107    3    1   14   15    1    7    0   24    0    0    0]
 [   6  124   16 2133   21   35   14    6  218   19   12   33   25   35
    26   70   60    2    3    9    8    1    0    3   11   10    1    0]
 [  39  904   14   13  663   62  171   40   73  314  106   33   12   45
    13   22  240   25   17   49  150    3   55    5   16    1   22   16]
 [   6  365   21    7   38 1281   26   23  122   78   28   12   28   17
     4  152   84   12   23   16   36    1    8    0   13    4    9    4]
 [  74  475    7   11  134   42  298   23   56  179   32   15    6   32
    19   21  132   19   19   21   93    6   48    4   26    3   17   17]
 [  15  614   17   11  105   55   58  147   71  128   64   28   17   35
    12   30  249   18   35   27   58    6   22    5   24    6   12    7]
 [   8  592  197  112   41   95   25   32 2172   72   28   67   92   55
     5   93  268    2   52   52   32    1   11   19   31   10    7    2]
 [  44  797   22   26  219  128  151   29  106  637   96   28   28   53
    12   21  224   35   28   84  382    3   98    2   32    2   32   12]
 [  10  569   12    6   65   45   47   24   38  118  475   14   13   26
     9    9  120   12   23  229   54    1   12    1   13    2    6    6]
 [   6  419   17   35   47   32   29   15  123   70   42  392   28   78
     3   44  183    4   11   23   17    2    9    6   90    4    8    8]
 [   5  270   31   26   18   50   17   10  143   50   21   14  239   17
     1   72   99    1   45   41   26    0    7    1   21    0    1    3]
 [  16  341   22   25   42   31   34    6   60   80   17   58    3  335
    14   24  155    4    0   16   40    2    3    0   27    3   13    7]
 [  53   97    2   31   26    7   41   11    9   30   21    9    2   23
   164    2   27   21    1    7   13    8    4    0    6    0    1    3]
 [   6  257   93   55   18  204   14   15  212   57    6   20   79   45
     2  425  110    5   19   18   15    0    3    5   23    8    1    3]
 [  33 1401   73   38  180  118   92   70  382  260   97   76   46  124
     6   91 1079   25   29   76   94    7   34    7   61   16   22   17]
 [   6  128    5    1   33   24   32    7   18   65   25    8    4   10
    14    4   37   77   10   10   29    2   31    1    7    0    8    4]
 [   4  317    9    8   31   47   32   29  116   65   49   15   63   13
     3   29   81   13  300   72   43    2   19    0    6    0   13    2]
 [   1  675   11   12   40   35   26   19   64  106  306   13   33   22
     2   17   95    8   34  735   53    0   17    2   16    1   10    6]
 [  17  485    8   11  115   37   61   11   41  317   36    8    9   23
     3   12   59   10   14   33  704    3   74    6   11    0   14    1]
 [  14   32    2    3    2    1    9    2    8    8    3    0    0    1
     3    2    8    1    2    4   11   13    2    1    4    0    3    1]
 [  14  214    4    4   60   31   51    5   22  189   24    4    7    7
     4    3   63   17    4   12  134    1  214    2    7    1   19    0]
 [   2   84    4    1    6    5    8    1   56    9    2    5    8    8
     0   17   23    1    0    2    5    2    1   15    4    0    2    1]
 [   2  201   17    6   20   22   20   11   34   26    9   48   15   25
     4   10   99    4    3   17   15    2    2    0  245    0    2    2]
 [   4   88    3   23    6    3   11    2   24    7    2    7    3   27
     0   22   33    1    3    2   10    0    0    0    2   18    0    1]
 [  14  127    6    3   27   15   38    8   21   45   17    6    2   12
     1    7   36    9    8   16   22    1   26    0    3    0  232   11]
 [   9   55    3    4    7    4   36    4    7   26   13    2    5   16
     2    3   29    5    3    4   11    1    5    0    0    0   20   26]]
Evaluation Metrics:
                precision    recall  f1-score   support

    admiration       0.40      0.52      0.45      4173
     amusement       0.41      0.53      0.46      2418
         anger       0.24      0.33      0.28      2123
     annoyance       0.14      0.19      0.16      3331
      approval       0.19      0.24      0.21      4554
        caring       0.20      0.24      0.22      1378
     confusion       0.20      0.24      0.22      1959
     curiosity       0.32      0.31      0.31      2359
        desire       0.24      0.28      0.26       861
disappointment       0.14      0.16      0.15      1829
   disapproval       0.21      0.21      0.21      3123
       disgust       0.21      0.19      0.20      1117
 embarrassment       0.16      0.13      0.14       600
    excitement       0.22      0.19      0.21      1229
          fear       0.37      0.33      0.35       713
     gratitude       0.76      0.74      0.75      2901
         grief       0.11      0.09      0.10       140
           joy       0.26      0.25      0.25      1718
          love       0.54      0.53      0.53      1988
   nervousness       0.10      0.09      0.09       300
       neutral       0.49      0.44      0.46     22187
      optimism       0.33      0.22      0.27      1745
         pride       0.13      0.06      0.08       272
   realization       0.17      0.08      0.11      1876
        relief       0.16      0.06      0.09       302
       remorse       0.37      0.26      0.31       619
       sadness       0.31      0.17      0.22      1532
      surprise       0.34      0.22      0.27      1381

      accuracy                           0.35     68728
     macro avg       0.28      0.26      0.26     68728
  weighted avg       0.36      0.35      0.35     68728
Model: Base-DTC
Classification: Sentiments
Hyperparameter: {'criterion': 'gini', 'max_depth': 'None', 'min_samples_split': '2'}
Confusion matrix:
 [[ 8761  3456  1620  1590]
 [ 4973 10453  3843  2918]
 [ 2712  5297 13872  1658]
 [ 1275  2060   983  3257]]
Evaluation Metrics:
              precision    recall  f1-score   support

   ambiguous       0.35      0.43      0.38      7575
    negative       0.49      0.57      0.53     15427
     neutral       0.49      0.47      0.48     22187
    positive       0.68      0.59      0.63     23539

    accuracy                           0.53     68728
   macro avg       0.50      0.51      0.51     68728
weighted avg       0.54      0.53      0.53     68728
Model: Base-MLP
Classification: Emotions
Hyperparameter: {'activation': 'relu', 'solver': 'adam', 'hidden_layer_sizes': '100'}
Confusion matrix:
 [[  348   537    13    13    62    21   108    16    14    38    10    17
      5    26   118    18    37     7    11    12    32     6    23     1
     11     3    17     8]
 [  194 14141   264   140   753   434   312   346   719   583   401   327
    156   300    73   250  1023    87   209   383   472    15   222    19
    180    24   115    45]
 [    5   405  1167     9     8    35     2     4   115    14     5    19
     13    15     2    76    50     1     2     7     7     0     1     1
     24     0     1     0]
 [   12   174    14  2191    17    25     7     6   176    10     3    42
     18    18    35    92    34     1     2     2     2     0     1     3
      6    10     0     0]
 [   38  1516    18    15   592    45    91    47    46   140    66    38
     11    30    14    16   145    22    27    14    99     2    55     3
      7     2    19     5]
 [    9   501    26    10    27  1349    17    28    75    40     7    21
     16     7     4   149    38     9    21    10    26     0    10     0
     10     3     5     0]
 [   99   843    13    10   100    32   206    26    39    96    21    23
      5    16    24    18    55    15    24    13    50     0    48     5
     19     4    11    14]
 [   20   997    17     7    82    29    28   168    44    57    32    35
      6    20    17    31   127     8    49    16    28     0    17     4
     14     4    12     7]
 [   13   906   180   112    28    67    20    29  2157    41    12    66
     69    28     3    99   169     2    61    26    17     0    13    17
     22     5     8     3]
 [   46  1494    24    32   197    87    75    44    73   421    45    35
     16    41    16    23   118    27    52    51   248     2   105     1
     19     1    25    13]
 [   11   990    17     7    59    33    37    26    29    48   332    17
      8    14    12    15    55     5    25   154    28     1    12     2
     11     1     6     4]
 [    6   590    18    24    43    20    18    17    86    28    17   574
     17    47     5    39    79     1     9     8     8     0    10     4
     58     9     4     6]
 [    5   445    30    24    14    37    10    14   128    22     5    13
    218    10     0    83    57     1    54    21    18     0     5     0
     12     0     1     2]
 [   27   580    20    25    38    17    23    10    50    30     7    92
      3   252    27    34    67     3     5    10    18     0     1     0
     14     3    14     8]
 [   55   141     2    20    11     6    13     8     2    12     8     5
      2     9   275     3    10     7     4     2     9     4     5     0
      3     1     0     2]
 [    5   423    99    55    10   201     6    15   161    14     3    25
     59    13     1   497    51     3    15     9    17     1     2     4
     17     7     5     0]
 [   36  2310    66    42   163    82    44    75   323   104    65   114
     27    74     9    65   692    18    34    47    39     5    30     9
     28    19    18    16]
 [    7   225     5     2    19    15    16    12    12    42    15     9
      2     6    20     2    15   102    10     5    18     2    28     1
      3     0     5     2]
 [    5   511     9     7    29    26    18    29    83    41    24    11
     65    11     2    16    26     3   365    45    31     1    10     0
      2     0    10     1]
 [    4  1243    17    15    53    38    11    17    53    40   112    20
     30    15     6    12    55     8    46   506    23     0    11     1
     11     0     8     4]
 [   14   794    13    12    96    27    29    14    30   213    13     9
      5    14     6     8    36    10    16    23   642     1    80     1
      7     1     9     0]
 [   18    58     2     3     2     0     1     2     5     5     2     1
      0     3     3     2     4     2     2     0     7    11     1     0
      3     0     3     0]
 [   14   381     1     3    55    15    37     4    15   105    12     3
      3     6     7     4    31    14     6     4    95     0   271     3
      2     1    24     1]
 [    3   121     2     5     3     2     4     2    43     1     0     4
      3     7     0    21    12     1     0     1     4     1     1    26
      3     2     0     0]
 [    1   323    18     7    14    11    13    12    22     9     6    70
     10    13     3    15    41     2     4     7     2     0     2     2
    250     0     3     1]
 [    2   121     2    23     3     3     7     0    20     5     2     9
      2    17     0    31    20     0     2     1     6     0     0     0
      2    19     2     3]
 [    5   238     7     0    12    13    19     9     7    21     7     8
      1     9     2     0    16     8    10     7    12     1    35     0
      2     0   254    10]
 [    7   114     3     2    12     3    23     6     2    16     7     3
      2     7     3     3    12     1     3     1     7     1     3     0
      0     0    15    44]]
Evaluation Metrics:
                precision    recall  f1-score   support

    admiration       0.48      0.52      0.50      4173
     amusement       0.50      0.56      0.53      2418
         anger       0.33      0.30      0.31      2123
     annoyance       0.19      0.13      0.15      3331
      approval       0.23      0.15      0.18      4554
        caring       0.25      0.18      0.21      1378
     confusion       0.27      0.17      0.21      1959
     curiosity       0.37      0.21      0.27      2359
        desire       0.34      0.29      0.31       861
disappointment       0.17      0.11      0.14      1829
   disapproval       0.24      0.19      0.21      3123
       disgust       0.27      0.24      0.26      1117
 embarrassment       0.28      0.17      0.21       600
    excitement       0.28      0.18      0.22      1229
          fear       0.43      0.36      0.39       713
     gratitude       0.78      0.76      0.77      2901
         grief       0.20      0.08      0.11       140
           joy       0.31      0.29      0.30      1718
          love       0.56      0.59      0.58      1988
   nervousness       0.22      0.15      0.18       300
       neutral       0.45      0.64      0.53     22187
      optimism       0.36      0.33      0.34      1745
         pride       0.24      0.10      0.14       272
   realization       0.17      0.09      0.12      1876
        relief       0.16      0.06      0.09       302
       remorse       0.40      0.44      0.42       619
       sadness       0.34      0.23      0.27      1532
      surprise       0.34      0.26      0.30      1381

      accuracy                           0.41     68728
     macro avg       0.33      0.28      0.29     68728
  weighted avg       0.38      0.41      0.39     68728
Model: Base-MLP
Classification: Sentiments
Hyperparameter: {'activation': 'relu', 'solver': 'adam', 'hidden_layer_sizes': '100'}
Confusion matrix:
 [[ 8547  3957  2083   840]
 [ 4243 11023  5083  1838]
 [ 2071  4493 16066   909]
 [ 1200  2513  1355  2507]]
Evaluation Metrics:
              precision    recall  f1-score   support

   ambiguous       0.41      0.33      0.37      7575
    negative       0.53      0.55      0.54     15427
     neutral       0.50      0.50      0.50     22187
    positive       0.65      0.68      0.67     23539

    accuracy                           0.55     68728
   macro avg       0.52      0.52      0.52     68728
weighted avg       0.55      0.55      0.55     68728
Model: Top-MNB
Classification: Emotions
Hyperparameter: {'alpha': 0.5}
Confusion matrix:
 [[  231   973     7    28    40    17    43    12    17    32     5    11
      1    14    20    10    32     2     5     4    13     0     9     0
      3     0     3     0]
 [  128 16846   188   173   490   325   183   186   711   472   220   180
     89   201    14   146   748     9   136   299   254     1    81     8
     57     3    35     4]
 [    3   842   833    13     7    19     2     4   166     6     2     6
      2     7     0    37    25     0     2     9     1     0     0     0
      2     0     0     0]
 [    6   499     7  2021     9    22     6     1   175     4     1    34
      3    18     4    58    31     0     1     1     0     0     0     0
      0     0     0     0]
 [   27  2203    10    15   341    32    37    20    50    95    39    15
      5    21     0     7   107     4     7     8    49     0    25     1
      0     0     3     2]
 [    4  1142    19    19    13   923     9    10    96    36     6    13
      3     3     0    53    28     3    13     9    12     0     3     0
      1     0     0     0]
 [   59  1288     8     9    51    14   117    14    49    65     7    13
      2    18     6     1    46     2    10    11    21     0    10     0
      6     0     1     1]
 [    5  1388     7    12    58    13    14    98    47    41    20    21
      3     8     2     9    88     1    20     9     8     0     4     0
      0     0     0     0]
 [    6  1538   129   117    18    39     9    10  1986    28     6    39
     18    12     0    37   108     0    37    19     8     0     3     0
      4     0     2     0]
 [   30  2214     9    36   123    57    32    26    73   337    28    15
      7    23     2     7    99     2    26    25   115     0    32     0
      7     0     6     0]
 [    5  1395    11     7    43    23    13    10    32    45   198     6
      3     7     0     1    40     0    12    93     9     0     2     0
      2     0     0     2]
 [    6  1046    14    35    20    12     5     6    87    14    12   340
      3    37     0    15    73     0     2     4     1     0     3     0
      8     0     2     0]
 [    1   682    21    28     8    23     5    10   135    13     4    12
     91     3     0    83    35     0    35    20    10     0     4     1
      4     0     1     0]
 [    9   960    10    33    21     4     8     2    23    22     4    51
      0   147     6    12    44     0     1    11     5     0     1     0
      1     0     3     0]
 [   54   391     3    42    14     2     7     6     5     9     5     0
      0     6    52     0    13     0     3     1     4     0     2     0
      0     0     0     0]
 [    3   826    68    76     7   127     2     8   192    12     1    19
     13    10     1   279    51     0     6     7     8     0     0     0
      2     0     0     0]
 [   23  3084    41    52   112    54    16    41   271    79    31    54
      5    49     2    29   528     1    15    32    16     0     6     0
      9     2     2     0]
 [    7   426     1     3    17    14     8     3    11    37     8     7
      2     2     3     1     8    15     3     5     8     0     5     1
      2     0     3     0]
 [    7   842     4    11    18    17     8    17   103    24    13     5
     11     7     0     9    20     0   188    44    25     0     5     0
      0     0     3     0]
 [    1  1679    11    15    32    20     7    14    53    24    46     6
      9    12     0     2    49     0    15   345     8     0     1     0
      5     0     4     1]
 [   11  1313    10    12    64    14    15     8    33   196     7     5
      1    11     0     6    28     1     8    18   331     0    28     0
      2     0     1     0]
 [   17    95     1     3     2     0     0     3     3     3     1     1
      0     1     1     1     3     0     1     0     3     0     1     0
      0     0     0     0]
 [    6   673     1     4    41    11    16     2    27    77     7     4
      2     3     2     1    41     2     3     4    45     0   137     0
      1     0     7     0]
 [    1   171     5     6     2     1     4     2    47     0     0     3
      2     4     0     7     9     0     0     1     5     0     1     1
      0     0     0     0]
 [    0   603    13     8     7     8     5     2    23     7     3    45
      1    11     1     3    38     0     4     7     2     0     1     0
     68     0     1     0]
 [    1   199     2    17     3     3     2     0    19     4     0     5
      1    11     0    13    15     0     0     1     3     0     0     0
      0     3     0     0]
 [    7   490     1     1    15     9    11    11    22    20     4     6
      1     4     0     0    19     0     8     4     2     0    22     0
      1     0    54     1]
 [    7   210     2     5     7     2     8     2     2    14     4     3
      2     4     1     1    10     0     2     3     4     1     0     0
      0     0     3     3]]
Evaluation Metrics:
                precision    recall  f1-score   support

    admiration       0.45      0.48      0.46      4173
     amusement       0.51      0.38      0.44      2418
         anger       0.34      0.16      0.21      2123
     annoyance       0.20      0.10      0.13      3331
      approval       0.23      0.12      0.15      4554
        caring       0.22      0.11      0.14      1378
     confusion       0.29      0.10      0.15      1959
     curiosity       0.35      0.15      0.21      2359
        desire       0.37      0.08      0.13       861
disappointment       0.20      0.06      0.10      1829
   disapproval       0.22      0.11      0.14      3123
       disgust       0.35      0.12      0.18      1117
 embarrassment       0.36      0.03      0.05       600
    excitement       0.33      0.07      0.12      1229
          fear       0.40      0.08      0.13       713
     gratitude       0.72      0.70      0.71      2901
         grief       0.00      0.00      0.00       140
           joy       0.34      0.16      0.22      1718
          love       0.58      0.42      0.49      1988
   nervousness       0.21      0.01      0.02       300
       neutral       0.38      0.76      0.51     22187
      optimism       0.37      0.19      0.26      1745
         pride       0.08      0.00      0.01       272
   realization       0.19      0.05      0.08      1876
        relief       0.38      0.01      0.02       302
       remorse       0.44      0.08      0.14       619
       sadness       0.35      0.15      0.21      1532
      surprise       0.33      0.14      0.19      1381

      accuracy                           0.39     68728
     macro avg       0.33      0.17      0.20     68728
  weighted avg       0.36      0.39      0.33     68728
Model: Top-MNB
Classification: Sentiments
Hyperparameter: {'alpha': 0.5}
Confusion matrix:
 [[ 7740  4487  2710   490]
 [ 3877 10960  6303  1047]
 [ 1782  4562 16689   506]
 [ 1231  3012  1853  1479]]
Evaluation Metrics:
              precision    recall  f1-score   support

   ambiguous       0.42      0.20      0.27      7575
    negative       0.53      0.50      0.52     15427
     neutral       0.48      0.49      0.48     22187
    positive       0.61      0.71      0.65     23539

    accuracy                           0.54     68728
   macro avg       0.51      0.47      0.48     68728
weighted avg       0.53      0.54      0.53     68728
Model: Top-DT
Classification: Emotions
Hyperparameter: {'criterion': 'gini', 'max_depth': 100, 'min_samples_split': 2}
Confusion matrix:
 [[  207   781     6    12    45    25    90    20    12    51    19     6
      8    31    67     5    54    12     4    14    19     4    10     1
     10     0    10     9]
 [  105 16337   246   122   429   476   262    96   624   533   340   145
     96   202    46   166   811    52    93   290   363     9   123     7
    130     7    55    22]
 [    3   415  1048    10    16    42     9     2   153    26    11    15
     23    23     0    67    70     3     1    13     9     0     4     0
     25     0     0     0]
 [    9   247    13  2106    11    32    13     6   177    19     6    29
     23    34    23    62    49     1     6     9     4     1     0     2
      9    10     0     0]
 [   23  1999    17    10   299    54    75    15    54   160    61    20
      5    19     9    12   115    11    15    27    75     2    29     1
      9     0     5     2]
 [    5   586    18     8    27  1271    19    19    91    52    21     9
     24    12     2   106    51    12    18    16    25     0     6     0
      8     4     7     1]
 [   49  1109    11     9    66    34   166    17    48    75    15     8
      4    15    15    14    50     9    12     8    40     2    25     2
     11     1     4    10]
 [    8  1228    21     5    45    39    25    74    42    63    28    13
      3    21     9    21   113    11    28    15    23     2    13     3
     15     1     6     1]
 [    7  1299   173    98    23    81    21    20  1820    49    19    48
     64    35     5    68   173     2    64    30    15     1    10    13
     25     7     3     0]
 [   26  1904    23    24   106   108    75    16    76   335    54    15
     12    23     8    12   129    15    18    37   219     1    60     1
     15     0    13     6]
 [    9  1126    12     4    46    36    25    12    22    65   298    10
      9    15     7     6    73     8    16   106    32     0     7     0
      7     1     6     1]
 [    4   786    18    29    23    26    18    10    87    31    20   372
     17    49     2    31    98     3     7    16    15     1     6     2
     67     3     3     1]
 [    3   585    31    24    13    38    10     7   100    31     8    12
    156    11     2    56    54     0    44    20    13     0     4     1
      5     0     0     1]
 [   10   766    19    21    30    25    15     5    40    39    10    41
      2   178    14    18    86     3     0     6    19     0     1     0
     17     3     8     2]
 [   52   191     2    26    15     7    24     3     7    13    11     6
      1    18   172     1    21    19     0     5     9     7     3     0
      3     0     1     2]
 [    5   530    83    49    16   186     6    10   180    27     5    19
     60    32     2   366    68     3    15    10    10     0     3     5
     19     6     1     2]
 [   17  2814    73    34    86    91    47    28   288   116    43    44
     16    60     4    43   566    10    16    42    39     4    13     3
     29     8    15     5]
 [    2   340    11     0    16    19    17     3    11    28    13     6
      2     5    12     5    15    38     6     6    17     2    21     0
      2     0     2     1]
 [    2   675     9     6    17    40    16    18    73    39    25    10
     43     9     3    12    33     3   253    38    28     1     8     0
      5     0    11     4]
 [    0  1446    10     9    28    33    16    10    45    59   127     9
     19    13     1     9    50     5    17   398    31     0     9     1
      5     0     7     2]
 [   12  1133     7    10    54    23    31     6    23   167    21     7
      6    12     2     4    40     1    13    18   475     1    44     2
      4     0     7     0]
 [    7    86     2     3     2     1     3     3     4     4     0     0
      0     0     3     2     3     0     1     4     2     6     0     1
      1     0     1     1]
 [    7   547     5     3    31    26    30     3    19    99    14     3
      3     5     3     2    33    13     1     6    92     1   160     1
      3     1     5     1]
 [    2   174     1     2     2     4     5     0    33     2     2     1
      4     3     0    12    10     1     0     0     4     1     0     7
      1     1     0     0]
 [    2   414    17     6    14    14    12     6    29    13     3    40
      8    16     1     8    52     2     2    10    11     1     1     0
    177     0     0     2]
 [    4   155     4    22     1     3     7     0    20     4     0     5
      0    14     0    16    22     1     0     2     8     0     0     0
      2    12     0     0]
 [    8   327     7     2    13    14    19     2    17    29    11     3
      0     6     1     4    21     4     5     8    13     0    18     0
      2     0   171     8]
 [    2   174     2     4     4     0    18     2     5    10    10     0
      3    11     3     4    14     2     2     2     6     0     2     0
      0     0     8    12]]
Evaluation Metrics:
                precision    recall  f1-score   support

    admiration       0.44      0.44      0.44      4173
     amusement       0.46      0.53      0.49      2418
         anger       0.29      0.22      0.25      2123
     annoyance       0.16      0.10      0.12      3331
      approval       0.20      0.12      0.15      4554
        caring       0.20      0.13      0.16      1378
     confusion       0.25      0.15      0.19      1959
     curiosity       0.34      0.17      0.23      2359
        desire       0.29      0.21      0.24       861
disappointment       0.15      0.09      0.11      1829
   disapproval       0.20      0.10      0.13      3123
       disgust       0.28      0.14      0.19      1117
 embarrassment       0.16      0.06      0.09       600
    excitement       0.26      0.13      0.17      1229
          fear       0.49      0.24      0.32       713
     gratitude       0.79      0.73      0.76      2901
         grief       0.13      0.04      0.06       140
           joy       0.32      0.21      0.26      1718
          love       0.55      0.53      0.54      1988
   nervousness       0.12      0.04      0.06       300
       neutral       0.43      0.74      0.54     22187
      optimism       0.42      0.21      0.28      1745
         pride       0.13      0.03      0.04       272
   realization       0.18      0.04      0.06      1876
        relief       0.18      0.04      0.07       302
       remorse       0.41      0.28      0.33       619
       sadness       0.35      0.14      0.20      1532
      surprise       0.39      0.18      0.25      1381

      accuracy                           0.40     68728
     macro avg       0.31      0.22      0.24     68728
  weighted avg       0.36      0.40      0.36     68728
Model: Top-DT
Classification: Sentiments
Hyperparameter: {'criterion': 'gini', 'max_depth': 700, 'min_samples_split': 2}
Confusion matrix:
 [[ 8706  3520  1616  1585]
 [ 4905 10552  3822  2908]
 [ 2715  5284 13879  1661]
 [ 1268  2093   989  3225]]
Evaluation Metrics:
              precision    recall  f1-score   support

   ambiguous       0.34      0.43      0.38      7575
    negative       0.49      0.56      0.53     15427
     neutral       0.49      0.48      0.48     22187
    positive       0.68      0.59      0.63     23539

    accuracy                           0.53     68728
   macro avg       0.50      0.51      0.51     68728
weighted avg       0.54      0.53      0.53     68728
Model: Top-MLP
Classification: Emotions
Hyperparameter: {'activation': 'relu', 'hidden_layer_sizes': (30, 50), 'solver': 'adam'}
Confusion matrix:
 [[  382   609    15    11    60    26    75    12    12    30     9    12
      4    27   112    16    21     4     9    10    29     0    24     0
     10     0    12     1]
 [  232 15057   271   129   852   433   245   259   830   623   378   215
    134   201    61   212   625    61   180   378   390     2   155     0
    160     1    98     5]
 [    7   410  1188    13     8    34     4     3   150     8     4     8
     11    11     1    61    26     0     3     9     7     0     2     0
     19     0     1     0]
 [    9   179    16  2190     9    21     8     4   205    16     6    36
     14    18    34    92    22     1     2     2     3     0     3     0
      9     2     0     0]
 [   38  1661    19    15   605    54    59    34    66   144    66    27
      7    15    12    14    88    14    17    17    85     0    43     0
      6     0    15     2]
 [    7   582    31    12    36  1313     8    18    93    64    10    15
     12     2     1   118    17     6    26     9    19     0    10     0
      7     0     2     0]
 [  111   930    14    12   120    33   180    20    43    84    16    19
      3    17    21    11    41     9    18    10    43     0    41     0
     18     0    12     3]
 [   26  1105    19     7    88    30    27   136    57    65    33    25
      7    12    13    24    86     5    48    10    26     0    10     0
      9     0     8     0]
 [   13   964   185    88    33    55     9    19  2321    45    16    50
     51    16     0    94   101     2    51    21    17     0     7     0
     10     0     5     0]
 [   51  1626    23    25   225    87    47    26    90   450    59    21
     12    26    15    24    85    17    50    41   216     0    78     0
     14     0    22     1]
 [    9  1072    16     7    82    33    29    22    37    58   301     6
      6     7     9     9    32     5    28   155    15     0     7     0
      6     0     5     3]
 [   10   709    19    34    43    21    15    12   118    25    20   476
     15    42     3    32    58     0     9    11     6     0     1     0
     61     0     4     1]
 [    5   485    30    23    15    40     6     7   149    25     8    11
    188     3     0    80    37     1    57    32    12     0     3     0
      9     0     2     1]
 [   22   689    23    27    40    17    21     7    57    28    11    68
      2   206    28    26    42     1     2     9    18     0     1     0
     16     0    16     1]
 [   57   162     3    16    12     6     8     7     5     8     7     2
      0     8   281     2     7    10     3     5     6     0     1     0
      3     0     0     0]
 [    9   465   102    53    11   201     4    10   192    18     2    23
     49     4     1   482    36     1    16     7    10     0     1     0
     17     0     3     1]
 [   39  2604    74    37   202    74    38    46   361   107    53    72
     22    63     8    65   521     8    25    42    33     0    19     0
     26     0    13     2]
 [   15   255     4     2    19    19    14     9     9    46    14     6
      4     7    16     0     6    94    13     7    18     0    17     0
      1     0     5     0]
 [    6   565     7     6    22    35     9    13   101    46    21     7
     48     8     1    13     9     1   358    52    36     0     6     0
      1     0    10     0]
 [    1  1350    17    13    48    40    10    13    63    32    99    10
     20    13     5    11    30     7    42   489    18     0     8     0
     10     0     9     1]
 [   17   846    10    11   121    25    19    11    35   235    19     4
      4    11     6     6    17     3    11    27   613     0    55     0
      6     0    11     0]
 [   22    74     2     2     0     0     0     2     4     7     2     1
      0     3     4     1     1     1     1     1     4     0     2     0
      3     0     3     0]
 [   17   438     2     3    69    17    23     3    23   128    13     2
      1     3     4     3    13     9     7     5    77     0   235     0
      3     0    19     0]
 [    2   140     3     2     6     2     2     2    61     2     1     3
      3     5     0    21     7     0     0     1     4     0     1     1
      3     0     0     0]
 [    6   384    24     9    21     9     3     5    30    12     4    51
     12    11     2    14    26     1     4     9     3     0     1     0
    218     0     2     0]
 [    5   142     1    28     7     3     5     1    25     8     0     4
      1    14     0    32    16     0     3     0     3     0     0     0
      2     0     2     0]
 [   11   252     7     1    23     9    19     7     7    23     4     7
      3     6     1     0    10     6    10     8     9     0    31     0
      2     0   256     1]
 [   13   148     3     3    11     2    19     2     3    15     6     5
      3     9     3     2     8     4     2     1     6     0     2     0
      0     0    21     9]]
Evaluation Metrics:
                precision    recall  f1-score   support

    admiration       0.45      0.56      0.50      4173
     amusement       0.50      0.54      0.52      2418
         anger       0.36      0.29      0.32      2123
     annoyance       0.19      0.14      0.16      3331
      approval       0.26      0.11      0.16      4554
        caring       0.27      0.15      0.19      1378
     confusion       0.25      0.15      0.19      1959
     curiosity       0.36      0.21      0.26      2359
        desire       0.34      0.25      0.29       861
disappointment       0.20      0.10      0.13      1829
   disapproval       0.22      0.19      0.20      3123
       disgust       0.31      0.21      0.25      1117
 embarrassment       0.35      0.16      0.22       600
    excitement       0.30      0.15      0.20      1229
          fear       0.46      0.36      0.40       713
     gratitude       0.79      0.75      0.77      2901
         grief       0.00      0.00      0.00       140
           joy       0.33      0.28      0.30      1718
          love       0.56      0.60      0.58      1988
   nervousness       0.28      0.03      0.05       300
       neutral       0.44      0.68      0.54     22187
      optimism       0.40      0.27      0.32      1745
         pride       1.00      0.00      0.01       272
   realization       0.19      0.07      0.11      1876
        relief       0.00      0.00      0.00       302
       remorse       0.44      0.45      0.45       619
       sadness       0.33      0.25      0.29      1532
      surprise       0.36      0.26      0.30      1381

      accuracy                           0.42     68728
     macro avg       0.35      0.26      0.28     68728
  weighted avg       0.39      0.42      0.38     68728
Model: Top-MLP
Classification: Sentiments
Hyperparameter: {'activation': 'logistic', 'hidden_layer_sizes': (30, 50), 'solver': 'adam'}
Confusion matrix:
 [[ 8949  4160  1740   578]
 [ 4405 11957  4610  1198]
 [ 2275  4820 15966   573]
 [ 1324  3066  1246  1861]]
Evaluation Metrics:
              precision    recall  f1-score   support

   ambiguous       0.44      0.25      0.32      7497
    negative       0.53      0.58      0.55     15427
     neutral       0.50      0.54      0.52     22170
    positive       0.68      0.68      0.68     23634

    accuracy                           0.56     68728
   macro avg       0.54      0.51      0.52     68728
weighted avg       0.56      0.56      0.56     68728