Model: Base-MLP - glove-twitter-200
Classification: Emotions
Hyperparameter: {'activation': 'relu', 'solver': 'adam', 'hidden_layer_sizes': '100'}
Confusion matrix:
 [[  133   602     5     6     0     4     0     0     3     2     0     3
      0     0    14     3     1     0     1     2     3     0     1     0
      0     0     0     0]
 [   52 10145    85    85    23    83     0     0   237    11     6    30
      2    28     7    22    29     0    12    59    78     0    13     0
      5     0     3     0]
 [    1   401   518    12     0     8     0     0    52     0     0     2
      0     1     0     6     0     0     0     0     2     0     0     0
      0     0     0     0]
 [    3   336    13  1025     0     5     0     0    51     0     0    10
      0     3     3    16     4     0     0     0     0     0     0     0
      0     0     0     0]
 [    7  1428     9     5    24    11     0     0    16     2     0     1
      0     0     1     1     5     0     3     0    20     0     8     0
      0     0     0     0]
 [    4   862    13     8     3   302     0     0    45     2     0     5
      0     0     1    21     1     0     2     1     2     0     0     0
      0     0     1     0]
 [   46   851    12     3     1     9     0     0     6     1     0     1
      0     0     3     2     0     0     1     1    16     0     2     0
      1     0     2     0]
 [    7   899    12     3     2     8     0     0    19     0     0     2
      0     0     1     1     1     0     0     0     2     0     0     0
      0     0     0     0]
 [    1  1046    85    64     1    22     0     0   855     0     0    17
      2     5     1     8     8     0     2     4     3     0     2     0
      1     0     0     0]
 [   15  1445     4    10     2    12     0     0    16     7     1     4
      0     5     2     3     3     0     0     0    50     0     7     0
      2     0     1     0]
 [    7   889     2     5     1     9     0     0     7     0     3     2
      0     1     0     2     2     0     5    17     4     0     0     0
      0     0     1     0]
 [    3   693     8    19     0     4     0     0    29     1     0   135
      0    11     0     8     4     0     0     0     0     0     0     0
      6     0     0     0]
 [    3   419    13     7     0     7     0     0    59     0     0     4
      8     1     0    34     2     0     3     1     3     0     0     0
      1     0     0     0]
 [    4   574     7    25     0     0     0     0    14     0     0    18
      0    24     3     3     2     0     0     0     1     0     0     0
      0     0     0     0]
 [   23   205     1    10     1     6     0     0     1     0     0     1
      0     0    46     0     0     0     0     0     1     0     0     0
      1     0     0     0]
 [    6   583    38    35     1    46     0     0    80     0     0     4
      1     2     1    84     4     0     1     0     0     0     0     0
      0     0     1     0]
 [   11  1951    26    20     7    22     0     0   108     0     0     9
      0     4     3     9    55     0     0     4     6     0     2     0
      3     0     0     0]
 [   13   258     2     0     0     2     0     0     2     2     0     0
      0     0     3     0     0     0     0     1     2     0     2     0
      0     0     0     0]
 [    1   623     2     4     1     7     0     0    26     1     3     0
      0     1     0     7     0     0    14     4    10     0     0     0
      0     0     2     0]
 [    3  1100     2     8     0     5     0     0    15     2     2     1
      0     0     0     0     2     0     2    53     6     0     0     0
      0     0     0     0]
 [    6   831     6     4     3    10     0     0     7     6     0     1
      0     2     0     0     0     0     0     0   168     0     5     0
      0     0     0     0]
 [    8    55     0     2     0     1     0     0     0     0     0     0
      0     1     1     0     0     0     0     0     1     0     0     0
      0     0     0     0]
 [    9   459     3     0     0     5     0     0    10     4     0     0
      0     1     1     0     0     0     0     0    23     0    27     0
      0     0     1     0]
 [    1   114     0     6     0     1     0     0    14     0     0     1
      0     0     0     0     1     0     0     0     0     0     0     0
      1     0     0     0]
 [    3   336    14     5     0     1     0     0     8     0     0    12
      0     4     0     2     1     0     0     2     1     0     0     0
     30     0     0     0]
 [    6   154     2    10     0     0     0     0     8     0     0     0
      0     0     1     2     1     0     0     0     0     0     0     0
      0     0     0     0]
 [   15   286     0     0     1     1     0     0     2     0     0     0
      0     1     0     0     0     0     0     0     4     0     8     0
      0     0    15     0]
 [    9   159     1     1     3     1     0     0     0     0     0     0
      0     0     0     0     0     0     0     0     2     0     1     0
      0     0     1     0]]
Evaluation Metrics:
                precision    recall  f1-score   support

    admiration       0.51      0.40      0.45      2127
     amusement       0.51      0.24      0.32      1273
         anger       0.41      0.16      0.23      1049
     annoyance       0.17      0.00      0.01      1589
      approval       0.44      0.02      0.05      2240
        caring       0.25      0.04      0.06       675
     confusion       0.20      0.00      0.01       957
     curiosity       0.36      0.04      0.08      1201
        desire       0.59      0.07      0.13       419
disappointment       0.00      0.00      0.00       958
   disapproval       0.32      0.02      0.03      1541
       disgust       0.35      0.05      0.09       543
 embarrassment       0.00      0.00      0.00       287
    excitement       0.62      0.01      0.03       565
          fear       0.54      0.05      0.08       333
     gratitude       0.74      0.70      0.72      1469
         grief       0.00      0.00      0.00        69
           joy       0.36      0.09      0.15       887
          love       0.59      0.52      0.55      1003
   nervousness       0.00      0.00      0.00       178
       neutral       0.37      0.92      0.52     11015
      optimism       0.51      0.15      0.23       921
         pride       0.00      0.00      0.00       139
   realization       0.00      0.00      0.00       957
        relief       0.00      0.00      0.00       184
       remorse       0.50      0.16      0.24       296
       sadness       0.33      0.17      0.22       783
      surprise       0.30      0.02      0.04       706

      accuracy                           0.40     34364
     macro avg       0.32      0.14      0.15     34364
  weighted avg       0.37      0.40      0.29     34364
Model: Base-MLP - glove-twitter-200
Classification: Sentiments
Hyperparameter: {'activation': 'relu', 'solver': 'adam', 'hidden_layer_sizes': '100'}
Confusion matrix:
 [[3920 2673  885  148]
 [1943 6738 1966  368]
 [1355 3277 7104  166]
 [ 716 1921  669  515]]
Evaluation Metrics:
              precision    recall  f1-score   support

   ambiguous       0.43      0.13      0.21      3821
    negative       0.49      0.51      0.50      7626
     neutral       0.46      0.61      0.53     11015
    positive       0.67      0.60      0.63     11902

    accuracy                           0.53     34364
   macro avg       0.51      0.46      0.47     34364
weighted avg       0.54      0.53      0.52     34364
Model: Top-MLP - glove-twitter-200
Classification: Sentiments
Hyperparameter: {'activation': 'relu', 'hidden_layer_sizes': (30, 50), 'solver': 'adam'}
Confusion matrix:
 [[3952 2435 1014  225]
 [1952 6194 2263  606]
 [1123 2846 7691  242]
 [ 649 1641  700  831]]
Evaluation Metrics:
              precision    recall  f1-score   support

   ambiguous       0.44      0.22      0.29      3821
    negative       0.51      0.52      0.52      7626
     neutral       0.47      0.56      0.51     11015
    positive       0.66      0.65      0.65     11902

    accuracy                           0.54     34364
   macro avg       0.52      0.49      0.49     34364
weighted avg       0.54      0.54      0.54     34364
Model: Top-MLP - glove-twitter-200
Classification: Emotions
Hyperparameter: {'activation': 'relu', 'hidden_layer_sizes': (30, 50), 'solver': 'adam'}
Confusion matrix:
 [[ 166  467   11    4    4   13   16    0    7    6    0    2    0    8
    44    2    2    2    1    5    8    2    5    0    1    0    6    1]
 [  63 9497  133   69   42  171   29    0  307   53   25   50   18   63
    23   32   53    4   45  119  112    1   46    2   23    0   33    2]
 [   6  265  616   10    2    9    0    0   68    3    0    7    0    1
     0   12    1    0    2    0    0    0    1    0    0    0    0    0]
 [   5  212   12 1066    0   11    3    0   77    1    1   18    6    9
     9   29    3    0    2    1    1    0    0    0    3    0    0    0]
 [   9 1319   12    4   38   24    7    0   23   18    3    3    1    3
     5    4   10    1    6    4   28    0   12    0    1    0    6    0]
 [   6  570   17    5    6  533    1    0   56   11    2    4    2    1
     2   24    5    0   13    6    6    0    1    0    1    0    1    0]
 [  53  721   16    3    3   14   30    0   24    6    4    8    0    3
    11    6    0    1    7    3   23    1    9    0    3    0    5    4]
 [   5  813   14    3    6   16    3    0   35    5    4    3    0   11
     6    4    2    1    8    2    7    0    5    0    0    0    4    0]
 [   4  799  106   51    2   23    1    0 1008    4    0   23   15   12
     0   28    7    1   23    7    5    0    3    0    1    0    4    0]
 [  13 1260    7   19   12   30    7    0   28   48    4    5    0    4
     5    5    5    2   11   10   81    0   18    0    5    0    9    1]
 [   4  785    3    4    7   17    1    0   10    4   49    2    0    1
     3    0    4    0    6   45    6    0    0    0    0    0    6    0]
 [   1  597   10   13    1    9    2    0   31    1    0  178    2   24
     0   19    9    0    1    1    3    0    1    0   15    1    2    0]
 [   3  343   18    9    0   12    2    0   69    1    0    5   41    1
     0   29    3    0   12    6    5    0    0    0    2    0    4    0]
 [   3  495   13   13    0    6    0    0   19    2    2   26    0   65
     7    8    6    0    0    1    3    0    1    0    1    0    1    3]
 [  22  142    2    7    2    8    3    0    2    1    3    3    1    2
    92    0    0    0    1    2    1    0    0    0    1    0    0    1]
 [   8  427   57   31    0   78    2    0   77    2    0    7   24    5
     0  146    3    0    7    2    1    0    0    1    5    1    3    0]
 [  12 1742   45   19    5   36    5    0  141   12    4   20    7   21
     9   16   99    1    7    8   12    0    7    1    6    0    5    0]
 [   7  217    5    0    1    8    1    0    3    7    1    2    1    1
     7    0    0   11    1    1    3    0    8    0    0    0    2    0]
 [   0  488    2    2    4   17    2    0   36    8    3    1    9    0
     0    4    2    1   89   11   11    0    4    0    2    1    9    0]
 [   2  940    8    6    1   13    2    0   30    9   16    2    1    2
     0    4    3    0   11  136   10    0    1    0    1    0    3    0]
 [   4  688    6    3    6   17    2    0    9   32    2    1    0    3
     1    0    0    1    3    7  237    0   25    0    0    0    2    0]
 [   8   51    1    0    0    1    0    0    0    0    0    0    0    2
     3    0    0    0    0    0    1    2    0    0    0    0    0    0]
 [   7  364    3    1    2   10    9    0    7   14    1    1    0    0
     4    0    1    1    1    1   32    1   72    0    0    0   11    0]
 [   1  101    1    1    0    2    0    0   21    1    0    2    0    0
     1    0    1    0    0    0    2    0    0    4    1    0    0    0]
 [   4  266   15    3    0    5    1    0   13    0    0   24    1    5
     2    5    2    0    0    4    0    0    1    0   68    0    0    0]
 [   6  134    2    7    1    1    2    0    8    0    0    2    0    2
     0   13    4    0    0    0    0    0    0    0    1    0    1    0]
 [   8  184    0    0    1    6    4    0    4    1    0    2    2    2
     0    0    0    1    3    3    6    0    7    0    0    0   90    9]
 [   5  137    1    2    2    4    1    0    2    1    4    0    0    1
     1    0    1    0    0    1    2    0    1    0    0    1    8    3]]
Evaluation Metrics:
                precision    recall  f1-score   support

    admiration       0.48      0.47      0.48      2127
     amusement       0.49      0.42      0.45      1273
         anger       0.39      0.23      0.29      1049
     annoyance       0.19      0.03      0.05      1589
      approval       0.44      0.04      0.08      2240
        caring       0.26      0.10      0.14       675
     confusion       0.38      0.05      0.09       957
     curiosity       0.35      0.11      0.17      1201
        desire       0.48      0.16      0.24       419
disappointment       0.22      0.03      0.05       958
   disapproval       0.26      0.02      0.04      1541
       disgust       0.32      0.13      0.19       543
 embarrassment       0.39      0.04      0.07       287
    excitement       0.31      0.07      0.12       565
          fear       0.42      0.27      0.33       333
     gratitude       0.79      0.73      0.75      1469
         grief       0.29      0.03      0.05        69
           joy       0.37      0.16      0.23       887
          love       0.54      0.61      0.58      1003
   nervousness       0.12      0.02      0.03       178
       neutral       0.40      0.86      0.54     11015
      optimism       0.44      0.19      0.27       921
         pride       0.50      0.03      0.05       139
   realization       0.00      0.00      0.00       957
        relief       0.00      0.00      0.00       184
       remorse       0.39      0.31      0.35       296
       sadness       0.38      0.21      0.27       783
      surprise       0.34      0.13      0.18       706

      accuracy                           0.42     34364
     macro avg       0.36      0.20      0.22     34364
  weighted avg       0.39      0.42      0.34     34364
